20
100
  -0.10148500     0.08267800     0.78085100    -0.12756400    -1.26057500    -0.02344500    -0.03148600     0.00000000     0.00000000     0.00000000     0.00000000     0.00000000     0.00000000     0.00000000    -6.77428300     8.18858800     0.19365400     1.71109600     1.73326000     7.44139800     0.45098100  
  -0.10180500     0.04929400     0.84946100    -0.08665200    -1.25818700    -0.01405400     0.12703600    -0.63356100    -1.65789100     2.99888000     1.22633000     0.45098100     0.34767700     5.36859900    -7.26428500     2.47817700    -3.21029900    -4.74721300     4.60169700     5.41649800    -3.73319700  
  -0.18131500    -0.05194600     0.88261700    -0.13397900    -1.35377900     0.07061000     0.24966700    -3.42712400    -4.11957800     0.52702000    -2.19047200    -3.73319700     2.76548700     3.97165400    -4.61100000     5.53798000    -0.64654000    -0.34295300     5.02081100     7.35122800    -0.34814200  
  -0.25399700    -0.14558200     0.94465200    -0.17609400    -1.37894300     0.14313900     0.40888200    -2.24431100    -3.10719200     2.75421800    -1.17324200    -0.34814200     2.67302500     5.40041500    -3.80898100     5.21406600     1.13681400     1.83601800     6.17667300    -2.56694700     1.40629200  
  -0.31536700    -0.24784000     1.02961100    -0.19117800    -1.33813200     0.24271000     0.35153500    -1.89867000    -3.43126900     2.93599700    -0.33142900     1.40629200     3.55238900    -1.94195000    -5.17872000     3.63934500     3.07458900    -0.38544500     4.92542800    -6.38690100    -0.19693100  
  -0.38354100    -0.39025100     1.10253100    -0.15751900    -1.33616900     0.32610100     0.21064700    -2.27320700    -4.82780600     2.10459000     1.12515500    -0.19693100     2.81395200    -4.75230600    -4.70513000     0.57920000     1.64705100     1.12091400     2.18873300    -6.00301400     0.84202400  
  -0.45705200    -0.52085400     1.11812500    -0.14312800    -1.30644500     0.36001200     0.07739300    -2.60103200    -4.40020000    -0.18030800     0.20929300     0.84202400     0.89835000    -4.46530200    -4.23951300     1.85384300     2.21001700     4.56380700     5.42727000    -0.07929200     3.11511700  
  -0.52048800    -0.64808600     1.10855500    -0.13661900    -1.22256400     0.45123500     0.07163600    -1.80493900    -4.16459300     0.11726000     0.51799800     3.11511700     3.33127500    -0.11021100    -3.14583600     0.91186900     1.21446700     6.86902000     4.30904400    -2.59614000     4.85244700  
  -0.56773200    -0.75033500     1.09871800    -0.13992100    -1.07786300     0.53069800     0.01249100    -1.51005000    -3.41472600    -0.41419400    -0.14212900     4.85244700     2.66864100    -1.97037100    -4.67219800     5.52843300     3.31092900     6.12770300     5.85507300     0.42702700     4.00293100  
  -0.60032300    -0.87869300     1.14326500    -0.09731700    -0.96669900     0.64549000     0.01756300    -0.75060900    -4.29806700     2.40155100     1.75256900     4.00293100     4.10208500     0.22557600     4.51443200     6.75585500     3.24870200     5.53720500     4.81696000     3.54273100     4.09719700  
  -0.57595400    -0.90569000     1.25805300    -0.10737300    -0.84826300     0.72805600     0.09498500     1.79970700    -0.04916200     4.39908200     0.08927200     4.09719700     2.89180600     2.62363700     5.54511900     6.49814600     4.13120000     5.76063400     4.11010400     7.03674800     4.31043800  
  -0.49664100    -0.88640700     1.38908200    -0.08473700    -0.71965700     0.80095100     0.25125700     3.36236200     1.19489300     4.45346000     1.16264300     4.31043800     2.59902900     5.23019000     8.60000000     3.86469000     1.21248400     8.53124300    -3.27545000     1.16451500     6.35105200  
  -0.38428400    -0.77115800     1.47687400    -0.10025700    -0.52508600     0.72184000     0.27855500     4.11696400     4.33022000     2.58546500    -0.55141700     6.35105200    -2.86806800     0.87001900     8.60000000     7.82949200     0.04785100     1.23526300     4.99552100     1.15344100     0.81762500  
  -0.24312000    -0.64266600     1.63297000    -0.14897000    -0.49664400     0.81681000     0.30510500     5.27473500     4.68226900     5.31748900    -1.28208600     0.81762500     3.43270600     0.85339600     5.75706700     0.82735800     1.95268000     3.64214600    -8.60000000    -1.18021300     2.80390400  
  -0.11396500    -0.52396200     1.68526700    -0.10919200    -0.40168900     0.62969200     0.28153500     3.92838400     3.68262400     0.68268100     0.93676000     2.80390400    -6.61360800    -0.85188900     6.56152300     4.91015600    -1.74122700    -7.77092900    -0.97663900    -1.05625000    -5.83656100  
  -0.00007900    -0.40560200     1.79156900    -0.17274900    -0.56635500     0.59556300     0.26014200     3.91131700     3.96717400     3.27373900    -2.20370900    -5.83656100    -1.12770400    -0.79468300     7.36135300    -4.08001300    -2.47472200    -6.02091400    -3.84534900     0.38211900    -3.98525000  
   0.11216200    -0.30259700     1.75771600    -0.23350400    -0.67052600     0.58883500     0.27248600     4.02123700     3.91780400    -2.68277700    -2.09120300    -3.98525000    -1.12863200     0.31756400     8.60000000    -6.70472500    -4.49306600     4.80949300    -4.45031200    -3.05825600     3.60313600  
   0.25380000    -0.13694600     1.59233300    -0.33203400    -0.56771200     0.54170100     0.20237500     4.99075100     5.72331100    -5.61105800    -3.33946100     3.60313600    -1.84699600    -2.30827500     7.39796200    -5.58840100    -4.23725600     8.60000000    -8.60000000    -2.89384400     5.97434000  
   0.41535200     0.03782800     1.41198400    -0.40570200    -0.39240800     0.42752400     0.13420100     5.54608000     5.99300900    -5.65664900    -2.58616800     5.97434000    -4.65959100    -2.24030600     7.86135900    -6.23961200    -3.91244100     2.41073700    -8.11039700    -1.44349600     1.75069400  
   0.57328100     0.20524500     1.26533300    -0.49237400    -0.33265300     0.27944500     0.10227800     5.23232600     5.46897800    -5.13863600    -3.09971500     1.75069400    -5.25456700    -1.11226400     8.38309500    -7.06616800    -6.78625300    -5.88345000    -8.40108600    -4.84275200    -1.92293100  
   0.70101800     0.38738900     1.33810800    -0.63719500    -0.36863800     0.09431100    -0.01865500     2.38368800     4.64899800     1.09941600    -5.47024500    -1.92293100    -6.33208900    -3.86373700     8.60000000    -6.01720300    -8.60000000    -1.08304500     3.48623200    -5.05425400     0.14289700  
   0.76377700     0.54666300     1.32440100    -0.83869200    -0.36360300     0.16834800    -0.15421700     1.63671400     5.49563700    -1.09616300    -6.59758400     0.14289700     2.53833400    -4.38352500     8.60000000    -7.61143500    -8.60000000    -1.29399200     6.06839800    -2.02425500     2.02430700  
   0.83373900     0.75743900     1.27705800    -1.01762000    -0.32938500     0.30375600    -0.11250900     2.03194400     6.88328800    -2.35249600    -6.01393600     2.02430700     4.54450400     2.36013300     8.60000000    -8.33334900    -8.60000000    -7.94165100     3.54801000     7.09247300    -4.18446400  
   0.84987300     0.92510600     1.23418900    -1.20919900    -0.44186600     0.38238100     0.05920200    -0.23849800     5.41099900    -2.23531700    -6.49041900    -4.18446400     2.58241300     6.18128300     8.60000000    -8.60000000    -8.60000000    -7.46566000     6.53796500    -6.56702100    -0.60933500  
   0.85394900     1.12458900     1.14606800    -1.39282100    -0.45953300     0.52761900     0.16906500    -0.09977900     6.85885000    -2.71496200    -5.91050100    -0.60933500     4.88692300     3.22451800     7.80578300    -8.60000000    -8.60000000    -4.88777300     8.60000000     1.35674700    -1.68403800  
   0.82974800     1.29931300     1.05010900    -1.57107500    -0.50606900     0.71958700     0.28708300    -1.18560000     5.60982200    -3.62581900    -5.99758100    -1.68403800     6.38936500     4.12425700     6.08273900    -8.60000000    -8.50837100    -5.36935900     8.60000000     0.39763600    -1.84904800  
   0.78274900     1.44274700     0.92755400    -1.74487000    -0.55992700     0.91221500     0.41649600    -1.76005500     4.54652300    -4.30655100    -5.85559100    -1.84904800     6.40260000     4.39554400     7.80582400    -8.60000000     6.53117500    -5.62743300    -5.87303200    -0.85848700    -2.52493400  
   0.74829200     1.56472100     0.83991100    -1.62834900    -0.62684300     0.77771600     0.47538500    -1.31933000     4.31955700    -3.09153500     4.87939600    -2.52493400    -4.48092400     2.06688100     6.54840300    -8.60000000     8.22157500    -5.61656600    -2.04581800     5.85983000    -3.51801100  
   0.68684100     1.67061900     0.70672600    -1.45504000    -0.72272600     0.72766400     0.63371500    -2.14758000     3.64170100    -4.79003100     6.15727000    -3.51801100    -1.62634700     6.21314300     8.44268500    -8.60000000     8.60000000     8.12185600    -6.99663600     1.83108600     2.54029700  
   0.67905200     1.82961600     0.50253900    -1.24953700    -0.56900400     0.56999300     0.74541900     0.73247500     5.62994400    -4.00704100     7.40998200     2.54029700    -5.68350600     2.19921900    -1.89051900    -8.60000000     5.52306800    -8.60000000    -5.74488000    -6.06867900    -5.23785300  
   0.63167500     1.83350900     0.39552700    -1.09799400    -0.69230300     0.44643800     0.74072900    -2.69819800    -2.12680500    -4.40272600     3.91863100    -5.23785300    -4.29732500    -2.32400600    -7.35728400    -8.60000000     5.93842800     6.79016600    -6.12232200    -6.39258700     4.23994600  
   0.56751100     1.70995500     0.14833000    -0.94361500    -0.58526700     0.31297600     0.61866300    -1.57877700    -4.54229000    -7.79877800     4.93304500     4.23994600    -4.48337300    -4.73007400    -8.60000000    -8.60000000     5.53478900    -8.60000000     6.03773500    -8.60000000    -4.31683500  
   0.49152400     1.57201700     0.03345600    -0.90365100    -0.72326800     0.39309900     0.44816100    -1.30034600     1.01942600    -0.61483600    -8.08628600    -4.31683500    -2.45546500    -6.29308400    -8.60000000     4.11283300     8.60000000    -8.60000000    -1.55423800    -8.45793300    -5.60133500  
   0.50744700     1.49068500     0.16783900    -0.84461500    -0.89521600     0.27513900     0.26006900     0.46236600    -4.42920100     4.52991600     4.34887800    -5.60133500    -2.63894000    -6.20289800    -8.60000000     4.00777100     7.54890700    -8.60000000    -8.03005900    -7.96453300    -6.15938500  
   0.50020800     1.34180900     0.27137900    -0.68543800    -1.07575700     0.08145000     0.08361300    -0.55422000    -5.02333500     3.16390300     5.10269100    -6.15938500    -6.73451600    -5.90464500    -8.60000000     3.56817100     7.71696600    -8.60000000    -3.28156100    -7.77259200    -5.93673500  
   0.48431200     1.19318300     0.36955300    -0.55340300    -1.25367000    -0.03750500    -0.08834700    -0.62676200    -5.21280400     3.17962200     4.75621900    -5.93673500    -3.72143200    -5.72464900    -8.60000000     1.87145100     8.14743600    -7.47658800     1.99604400    -6.66449300    -4.95620200  
   0.46564400     1.03120300     0.44330600    -0.42603800    -1.40049200    -0.05430300    -0.23471100    -0.63340800    -5.76872900     2.17689400     4.84264200    -4.95620200     0.02051400    -4.87434100    -8.60000000     2.89892600     6.54021100    -8.60000000     5.95091100     1.66921700    -5.94856300  
   0.45167000     0.86935900     0.52053800    -0.31049900    -1.57844000     0.03389400    -0.19674000    -0.47257400    -5.64587800     2.53449600     4.23196700    -5.94856300     3.39509200     1.29899400    -8.11981100     4.26723100     4.42809000    -8.60000000     8.60000000     8.60000000    -6.07031200  
   0.44322900     0.71798100     0.61305300    -0.22000700    -1.76502700     0.20211700    -0.00540300    -0.29326900    -5.16633800     3.23813600     3.15829600    -6.07031200     5.83202100     6.43036400    -7.72802100     6.23256500    -3.27275100    -8.60000000     8.20412200     8.60000000    -6.13666300  
   0.42023100     0.62002900     0.72672100    -0.25426000    -1.95578700     0.39128100     0.18575300    -1.24236600    -3.50057800     4.01986800    -1.72805300    -6.13666300     6.01259200     6.39725500    -6.24844600     6.66845800    -4.12059600    -2.98187600     3.32438200     8.60000000    -1.84117800  
   0.37813700     0.53684200     0.84713200    -0.32116700    -2.03575700     0.47125400     0.37419900    -1.66278000    -2.80564700     4.34381600    -2.73230600    -1.84117800     2.35648800     6.39758500    -6.31628800     6.71476000     0.26225400    -0.69396200    -2.42881300     7.70987600    -0.01614100  
   0.32842300     0.42815700     0.98084400    -0.32041900    -2.04432800     0.40844800     0.54561000    -1.75177100    -3.75453000     4.53920600    -0.08827100    -0.01614100    -2.23254300     5.74234400    -5.73500000     4.26256300    -3.71333600     5.18698700    -2.22290700     3.66218600     4.10111300  
   0.26226000     0.33175800     1.06142200    -0.39369400    -1.93483300     0.35689900     0.62573900    -2.41809800    -3.27759200     2.36139500    -2.96899500     4.10111300    -2.04298100     2.68069800    -6.57321400     4.33014200    -1.48591500     7.88493600    -6.28333700    -2.09008500     6.64293700  
   0.22521100     0.20297500     1.15283700    -0.37525200    -1.73615200     0.39738500     0.58004200    -0.48201700    -3.79428000     3.37542800     1.80788000     6.64293700     1.50438300    -1.51639600    -8.28553700     5.51815700     3.20406900     4.89871300    -4.74007900     8.40054300     3.97603200  
   0.21071000     0.05456200     1.25607600    -0.25133600    -1.60885600     0.40738100     0.76559200    -0.43915400    -4.99670200     3.50964300     4.38325700     3.97603200     0.17429000     6.20628100    -8.29055600     6.22622600    -1.51477400     6.45831300     3.88755500    -4.62238800     4.56509800  
   0.17159100    -0.07354000     1.35328000    -0.25753900    -1.47251200     0.50256700     0.66159100    -1.71972900    -5.00576700     3.09215000    -0.51310900     4.56509800     3.79914800    -3.54621300    -6.77639700     5.69460600    -3.41996200     7.62035000     0.46475100    -6.59422800     5.71037200  
   0.13209800    -0.20407500     1.45088100    -0.28329100    -1.30189800     0.61936200     0.51253300    -1.17295200    -4.32559100     3.28799300    -0.80575500     5.71037200     3.95839400    -4.96315700    -6.27191100     3.24900900     1.09909100     8.60000000    -1.34371300    -8.60000000     6.60348300  
   0.10731100    -0.36030100     1.52034100    -0.22827400    -1.10021000     0.69578300     0.32102700    -0.44851400    -4.92353100     2.08423800     2.06831900     6.60348300     2.40669800    -6.39908700     4.67842100     2.18174900     0.18310300     8.60000000    -1.95334200    -6.86277500     6.92993500  
   0.15998500    -0.36776200     1.58700000    -0.25199800    -0.88380400     0.74224000     0.17015200     3.00165100     1.31310100     2.09376000    -0.44919900     6.92993500     0.46685800    -5.03447100     6.44569000     7.42818600     0.38942000     6.88287800    -6.06673900     1.68064300     4.97903500  
   0.30251400    -0.26958200     1.70973200    -0.23886800    -0.73529800     0.70508600     0.20534400     5.74777000     4.44009200     4.66770400     0.76128800     4.97903500    -2.31745200     1.22503900     4.51075300     1.54136100     2.75401100    -2.64842000    -6.59519700     1.69657300    -1.47851600  
   0.44210700    -0.20040500     1.80845800    -0.18047100    -0.75732100     0.59585600     0.24967600     4.62072000     2.28458600     1.87819300     1.78192400    -1.47851600    -3.97460000     1.33263000     6.41592300    -8.59104200    -7.91157000    -1.35145000     3.68795200     6.87015200    -0.36463400  
   0.53816400    -0.07935300     1.70831200    -0.35944900    -0.75019500     0.67262400     0.40762000     2.55610500     3.76886700    -5.29248800    -6.26267000    -0.36463400     2.67560000     5.16654600     5.82946700    -8.60000000    -8.60000000     6.06069800    -8.48790900    -0.66815400     3.82293600  
   0.65222200     0.10009100     1.64744300    -0.53502700    -0.66064700     0.51979600     0.35290900     4.34075300     7.20882100     0.58537800    -5.07128900     3.82293600    -6.20504000    -1.87883800     7.05067400    -8.60000000    -8.60000000    -0.77723000    -6.33133900    -7.02615900     1.16402500  
   0.71244000     0.24312900     1.64018700    -0.72598400    -0.60540000     0.37735200     0.20861400     0.77671300     4.22606400    -1.12342800    -6.67406900     1.16402500    -4.78823400    -5.22613700     7.43586200    -8.60000000    -8.60000000     0.80368000     5.00275600    -8.60000000     1.80997200  
   0.72036800     0.37360300     1.58178300    -0.93029500    -0.54455100     0.48437900     0.01255300    -0.30278300     4.61439500    -2.40619600    -6.61341600     1.80997200     3.64837300    -6.71455500     8.27449300    -8.60000000    -8.60000000     8.60000000     8.26617200    -5.82423700     6.24594000  
   0.73364400     0.56539500     1.46751600    -1.11489200    -0.37785200     0.66745000    -0.16899500     0.35457900     6.57514300    -4.28183500    -5.98950600     6.24594000     6.15531500    -5.52817900     5.21450000    -8.60000000    -7.84004600     4.26505300     8.05284600     7.25539100     2.75959900  
   0.74037400     0.73272000     1.36545100    -1.25936400    -0.31383600     0.84918800    -0.08792500    -0.10349900     4.84009500    -4.32090400    -5.10644200     2.75959900     6.03027200     3.88997000     7.21641600    -8.60000000    -4.82505700     4.24047900    -8.21239400     8.31293500     3.34364600  
   0.74206500     0.89788800     1.22968500    -1.35835200    -0.21961100     0.66837100     0.06828700    -0.01686000     5.54877700    -4.70314800    -3.21089800     3.34364600    -6.09939100     5.49491500     5.20057400    -8.60000000    -7.73043800    -4.46218800     4.04492100     1.66244700    -2.32252000  
   0.69223000     1.00383700     1.13875900    -1.52416500    -0.26192400     0.75668700     0.11406500    -2.27355100     3.26773300    -3.08466300    -5.54583700    -2.32252000     2.96972500     0.75690900     6.22712900    -7.28531300    -6.40913500    -1.30490900     6.49447300     6.53718500    -0.95119300  
   0.64368500     1.13380400     1.03366200    -1.65692400    -0.29969700     0.90018100     0.22816800    -1.55274500     4.59165400    -3.69512000    -4.28110100    -0.95119300     4.82819200     4.23651300     6.38747800    -5.98681900    -6.82344300    -5.84552900    -7.90338200     7.02507200    -4.38780100  
   0.58155700     1.27508900     0.95254800    -1.79412000    -0.41876900     0.72670100     0.37782000    -2.34179900     4.46170500    -2.83528800    -4.66221200    -4.38780100    -5.87543900     4.85855500     5.77078000    -7.20249000     3.25887300    -7.65625000     6.02009400    -4.50537200    -4.88064900  
   0.49408700     1.35170000     0.87920300    -1.75767000    -0.53252000     0.85264700     0.29848500    -3.44906200     2.74508000    -2.41791200     2.34350200    -4.88064900     4.35577000    -3.43385700     8.60000000    -8.52096100     6.46350800     8.60000000    -8.60000000     7.05535400     5.01242600  
   0.45433300     1.49810800     0.71797900    -1.59192600    -0.46253100     0.66005800     0.36990400    -0.34825300     5.76760000    -6.20253100     5.28264300     5.01242600    -6.43208900     4.30515100     7.82836200    -8.60000000    -1.69115600     5.12235900    -8.44552900     7.99749700     3.13096300  
   0.42538400     1.67976000     0.52898000    -1.59962600    -0.36894500     0.47425100     0.53430800    -1.00099000     5.68445600    -6.50460000    -0.91551100     3.13096300    -6.26523000     5.58358800     7.87334000    -7.01336300    -1.96363600    -8.11401500    -8.60000000    -3.57419000    -5.34385700  
   0.35144600     1.83910400     0.44172900    -1.65087000    -0.48177800     0.28095700     0.48531100    -3.57017400     4.69589000    -3.51627700    -1.75803700    -5.34385700    -6.47423900    -2.51143000     2.10401600    -6.27973800     8.60000000     7.29713000    -7.57023400     7.80305400     3.49825200  
   0.29797200     1.87414500     0.24298400    -1.46289200    -0.43723600     0.11054500     0.60120500    -0.41315200     1.48265400    -6.37315800     6.82703200     3.49825200    -5.58347100     5.00528000    -8.24378300    -4.33511000     8.55010900     4.03892800    -8.19632500    -6.19367200     2.63221300  
   0.26681000     1.77728300     0.09320600    -1.23259200    -0.36341300    -0.06540900     0.49256300    -0.82857400    -5.58610000    -5.58638800     7.63041800     2.63221300    -5.90131100     0.18845900    -6.37936600    -4.85079500     8.60000000    -7.89771600     7.30569700    -4.72765700    -4.75393100  
   0.24000000     1.59818100     0.03719900    -1.04857000    -0.48708600     0.09454200     0.47860300    -1.27219600    -6.13102000    -1.98420200     5.96732400    -4.75393100     5.36352400    -1.48952200     1.76355300     1.01406500     8.60000000     1.84997100     8.26366600     8.60000000     1.44482700  
   0.27868600     1.57412300     0.03452500    -0.87589400    -0.46853100     0.27450300     0.66330500     2.10516900     0.79553100     0.92338400     6.23101300     1.44482700     6.10417400     6.40252900     2.78425300     8.60000000    -5.39920000     8.60000000    -6.87512400     5.76119400     2.96393300  
   0.39883100     1.70354300     0.05284500    -0.93778000    -0.41102100     0.13168900     0.77230200     5.93182400     3.98043600     1.80033200    -2.76017800     2.96393300    -4.94085700     2.99479300    -7.17234400     8.60000000     8.60000000    -8.29577900    -6.34888800    -7.13695000    -5.93782900  
   0.56618900     1.59598400     0.24467100    -0.72630500    -0.56591700    -0.00756400     0.70758900     5.16542400    -5.43357200     6.36742600     6.72889100    -5.93782900    -4.68141900    -3.46442200    -8.17513000    -2.82959100     8.60000000    -7.37356300    -8.24098400    -7.76677600    -2.07290800  
   0.66513200     1.45705600     0.31744800    -0.59258100    -0.66231200    -0.20166600     0.58504300     5.45610200     0.08575600     6.81758000     4.78217100    -2.07290800     0.58817500    -5.50581800    -6.70201700     8.60000000     8.60000000    -7.11603000     3.59621700    -5.93814400    -5.22340200  
   0.80166300     1.40762200     0.51700500    -0.41730300    -0.80808100    -0.19097900     0.45271800     3.89939000    -2.59314800     6.05550400     6.00183500    -5.22340200     0.49070400    -4.44368700    -6.27712800     8.60000000    -4.84792900    -7.36252100     0.41521800    -5.85019200    -5.57602000  
   0.88671500     1.39151200     0.68331500    -0.42185200    -0.97937900    -0.08526800     0.32053300     2.39659600    -0.59535500     5.85683800    -0.59821800    -5.57602000     3.59017000    -4.39688100    -8.60000000     8.60000000    -7.93869000    -8.60000000    -8.27656400    -5.60525400    -6.26411200  
   0.94149600     1.35895700     0.87516400    -0.41468000    -1.16815400    -0.00510500     0.19509200     1.17285900    -1.20828400     6.45216100     0.03717300    -6.26411200     2.34397000    -4.17635400    -8.60000000     8.60000000    -7.26239500    -7.12549600    -7.76621000     0.19182300    -5.04351500  
   0.96253100     1.31819500     1.06191500    -0.41191100    -1.32757700     0.05392500     0.19758700     0.19323000    -1.41277800     6.42312100    -0.12704200    -5.04351500     1.73305000     0.14627000    -8.60000000     3.03763300    -8.60000000    -7.39032800    -4.07248100     8.60000000    -5.03830100  
   0.92831200     1.26034200     1.16198600    -0.47836200    -1.47196000     0.14400900     0.39093900    -1.79677600    -2.40363500     2.56582300    -2.43585800    -5.03830100     3.04271800     6.43116100    -7.35188500     7.36563300    -6.23989900    -6.68998300     6.74630000     2.71042200    -4.80710700  
   0.86642800     1.20002300     1.28196200    -0.60465500    -1.62379200     0.26873600     0.44993300    -2.32737500    -2.42999500     4.54268100    -4.50863700    -4.80710700     4.61125700     1.97896600    -7.45902400     7.72883500    -5.20388600    -4.27419800    -2.32349000    -4.11896400    -2.56166400  
   0.81413800     1.11424400     1.45002700    -0.65796900    -1.70609700     0.35554000     0.35909000    -1.77264700    -2.82219700     5.75804700    -1.70083300    -2.56166400     2.75038300    -3.01937500    -8.55890300     8.60000000    -3.13767200    -0.67247200    -7.54143900     0.50087000     0.11848400  
   0.77887800     1.02204600     1.62936300    -0.63047100    -1.71153100     0.38497900     0.36900600    -1.20041400    -2.95757400     6.09705600     1.04315900     0.11848400     0.71400200     0.40006800    -8.60000000     7.97857400     3.70763700    -3.15723300     1.30986100     3.18012700    -2.01550400  
   0.73217000     0.89179600     1.79291300    -0.56851900    -1.76124900     0.40657000     0.44109900    -1.65788400    -4.91066400     5.26373000     2.33291400    -2.01550400     0.91986600     2.36226700    -8.60000000     6.03929000     3.87000600    -0.67965100     2.83426600     7.96726000    -0.29736700  
   0.67954800     0.73366200     1.91101800    -0.50303800    -1.77550800     0.44660000     0.61714200    -1.69175900    -5.48710600     3.78733100     2.19383100    -0.29736700     1.60151700     5.89934800    -8.60000000     4.64955600     1.95326100     2.95263200    -1.86297500     1.00678000     2.44195600  
   0.63950100     0.57665300     2.00531000    -0.42364100    -1.70542700     0.48416600     0.63994600    -1.14135200    -5.09571100     2.92875100     2.71674300     2.44195600     1.23761600     0.73258500    -8.60000000     5.14434500     3.71996800     4.61983500    -6.38928300     4.66233100     3.61742700  
   0.62997500     0.42620700     2.09713500    -0.27398700    -1.59787200     0.47543200     0.74194500    -0.01050100    -4.75161000     3.20057700     5.27645700     3.61742700    -0.53534900     3.43185500    -8.60000000    -5.25584000     0.46609900     5.39751300    -3.66238700    -0.75186500     4.18689200  
   0.58709000     0.27545700     2.03307000    -0.21205500    -1.45625900     0.46779300     0.73050700    -1.87126300    -5.44486400    -4.07328800     1.54974300     4.18689200    -0.63080600    -0.54717000    -8.60000000    -3.18259400    -6.97463900     7.88965500    -8.41212600    -0.57362600     5.20898600  
   0.53632400     0.18229400     1.90412200    -0.27159800    -1.29617200     0.40404300     0.71440900    -2.12014400    -3.28397100    -4.30123700    -2.62910900     5.20898600    -3.25726200    -0.53714900    -5.52537700    -1.15374900    -6.03097600     8.60000000    -4.70593300    -3.13147400     5.97345200  
   0.48283200     0.10213600     1.82269600    -0.37550800    -1.12378000     0.33963400     0.64119600    -1.74630600    -2.78648200    -2.14821400    -3.52903700     5.97345200    -1.94328100    -2.40751800    -4.36492000     2.76807200     2.20010100     8.60000000    -2.25497100    -5.37983400     6.31078300  
   0.47146500    -0.01549500     1.83714700    -0.34751800    -0.94351300     0.30577200     0.51821500     0.44450000    -3.51038200     1.40952000     1.55114600     6.31078300    -0.62208300    -4.04167800     5.22310700    -6.02217900     5.02417600     5.99680100     7.03540800    -4.57522800     5.72629100  
   0.52427000    -0.03886300     1.81581400    -0.31955200    -0.75358800     0.43719900     0.42332000     2.78243000    -0.17097900    -2.00487200     1.52785700     5.72629100     4.83067300    -3.26093700     8.60000000    -8.60000000    -8.60000000     8.60000000    -1.80702300     7.88173900     6.85581100  
   0.62267100     0.10290000     1.67265800    -0.52541600    -0.53776800     0.42364400     0.59976800     3.43801300     5.00024500    -5.62748000    -7.18797200     6.85581100    -1.31991300     5.88281400     7.29044800    -8.60000000    -8.16078700     5.31938900    -1.36547400    -6.42957400     6.43815400  
   0.76301600     0.30339800     1.64399900    -0.70525500    -0.39570800     0.38880900     0.45724600     5.47430600     7.95434400     1.68643400    -4.70375600     6.43815400    -0.85724200    -4.46263400     6.96155500    -7.34810700    -8.60000000    -4.37268700    -3.30778000    -7.88008600    -0.24785000  
   0.84519900     0.45628500     1.71448800    -0.88915600    -0.37804200     0.31565400     0.31170100     1.20985900     4.24377800     1.31481700    -6.59364900    -0.24785000    -2.52658100    -5.31385600     5.58796900    -6.79183900    -7.49345700    -5.52208300     3.68346700    -8.60000000    -1.87280400  
   0.84557400     0.54946900     1.74100700    -1.06643600    -0.42037900     0.39437900     0.13264400    -0.89771000     3.08259900     0.27320100    -5.83335000    -1.87280400     2.66358500    -6.24290100     4.17836400    -6.99493300    -6.01267800     4.19641700     6.52328300    -6.50929900     3.47864900  
   0.83366500     0.66145700     1.67889500    -1.19152400    -0.33180900     0.53952800    -0.05108700    -0.60483600     3.65495500    -2.55755700    -4.07691300     3.47864900     4.87774800    -5.71855100    -4.25100600    -7.46017200    -3.16338100    -0.73349500     8.10714800     4.64938000    -0.82638800  
   0.78871300     0.65212700     1.61463200    -1.22528700    -0.36543500     0.72474400    -0.01528200    -2.05930400    -1.72138800    -3.03240400    -1.55239700    -0.82638800     6.10969700     2.07305500     4.54322100    -4.29753400     0.68245900     4.10877100    -4.23847100     3.73250400     2.98988200  
   0.78117100     0.72728300     1.53059200    -1.22136300    -0.28613600     0.62928200     0.05044400     0.35211700     3.68185600    -2.07127300     0.72913700     2.98988200    -3.15278300     2.14185000    -8.02393800    -6.72206600     2.73092400    -8.03251400     6.68719400     6.51360700    -5.46514900  
   0.71203100     0.61582300     1.50222300    -1.13018100    -0.43100400     0.78086400     0.17576800    -3.36630100    -5.47394900    -1.77057600     2.48875400    -5.46514900     4.98984700     4.25567000    -0.38360100     7.09206800     6.31698400    -5.37890400    -6.37994500     6.23263500    -4.47893600  
   0.68582200     0.58775900     1.56270700    -1.00434900    -0.58414900     0.63858000     0.31397200     0.13895800     0.20468900     4.16000000     4.87845600    -4.47893600    -4.72012900     4.55304000    -8.60000000     8.10206600     6.68717400    -7.73774300     7.55132400     7.46838800    -6.06452100  
   0.66879500     0.44557800     1.69729500    -0.85919600    -0.77069600     0.85712300     0.47835700    -0.33053000    -5.41058500     4.95536700     5.20289600    -6.06452100     7.34247100     5.49198900    -6.49951000    -0.15208100     4.65378200    -4.62712600    -6.64135800    -4.37581900    -3.42609100  
   0.65834600     0.33365900     1.71884300    -0.75229100    -0.85319500     0.87689900     0.38530000    -0.44422000    -3.87782300    -0.66580400     3.73786800    -3.42609100    -1.94062000    -3.25950100     3.84767400    -7.42418700    -8.60000000     6.22341400    -6.77327700     3.84496400     3.41287900  
