20
200
  -0.10148500     0.08267800     0.78085100    -0.12756400    -1.26057500    -0.02344500    -0.03148600     0.00000000     0.00000000     0.00000000     0.00000000     0.00000000     0.00000000     0.00000000    -6.77428300     8.18858800     0.19365400     1.71109600     1.73326000     7.44139800    -1.25818700  
  -0.10180500     0.04929400     0.84946100    -0.08665200    -1.25818700    -0.01405400     0.12703600    -0.63356100    -1.65789100     2.99888000     1.22633000     0.45098100     0.34767700     5.36859900    -7.26428500     2.47817700    -3.21029900    -4.74721300     4.60169700     5.41649800    -1.35377900  
  -0.18131500    -0.05194600     0.88261700    -0.13397900    -1.35377900     0.07061000     0.24966700    -3.42712400    -4.11957800     0.52702000    -2.19047200    -3.73319700     2.76548700     3.97165400    -4.61100000     5.53798000    -0.64654000    -0.34295300     5.02081100     7.35122800    -1.37894300  
  -0.25399700    -0.14558200     0.94465200    -0.17609400    -1.37894300     0.14313900     0.40888200    -2.24431100    -3.10719200     2.75421800    -1.17324200    -0.34814200     2.67302500     5.40041500    -3.80898100     5.21406600     1.13681400     1.83601800     6.17667300    -2.56694700    -1.33813200  
  -0.31536700    -0.24784000     1.02961100    -0.19117800    -1.33813200     0.24271000     0.35153500    -1.89867000    -3.43126900     2.93599700    -0.33142900     1.40629200     3.55238900    -1.94195000    -5.17872000     3.63934500     3.07458900    -0.38544500     4.92542800    -6.38690100    -1.33616900  
  -0.38354100    -0.39025100     1.10253100    -0.15751900    -1.33616900     0.32610100     0.21064700    -2.27320700    -4.82780600     2.10459000     1.12515500    -0.19693100     2.81395200    -4.75230600    -4.70513000     0.57920000     1.64705100     1.12091400     2.18873300    -6.00301400    -1.30644500  
  -0.45705200    -0.52085400     1.11812500    -0.14312800    -1.30644500     0.36001200     0.07739300    -2.60103200    -4.40020000    -0.18030800     0.20929300     0.84202400     0.89835000    -4.46530200    -4.23951300     1.85384300     2.21001700     4.56380700     5.42727000    -0.07929200    -1.22256400  
  -0.52048800    -0.64808600     1.10855500    -0.13661900    -1.22256400     0.45123500     0.07163600    -1.80493900    -4.16459300     0.11726000     0.51799800     3.11511700     3.33127500    -0.11021100    -3.14583600     0.91186900     1.21446700     6.86902000     4.30904400    -2.59614000    -1.07786300  
  -0.56773200    -0.75033500     1.09871800    -0.13992100    -1.07786300     0.53069800     0.01249100    -1.51005000    -3.41472600    -0.41419400    -0.14212900     4.85244700     2.66864100    -1.97037100    -4.67219800     5.52843300     3.31092900     6.12770300     5.85507300     0.42702700    -0.96669900  
  -0.60032300    -0.87869300     1.14326500    -0.09731700    -0.96669900     0.64549000     0.01756300    -0.75060900    -4.29806700     2.40155100     1.75256900     4.00293100     4.10208500     0.22557600     4.51443200     6.75585500     3.24870200     5.53720500     4.81696000     3.54273100    -0.84826300  
  -0.57595400    -0.90569000     1.25805300    -0.10737300    -0.84826300     0.72805600     0.09498500     1.79970700    -0.04916200     4.39908200     0.08927200     4.09719700     2.89180600     2.62363700     5.54511900     6.49814600     4.13120000     5.76063400     4.11010400     7.03674800    -0.71965700  
  -0.49664100    -0.88640700     1.38908200    -0.08473700    -0.71965700     0.80095100     0.25125700     3.36236200     1.19489300     4.45346000     1.16264300     4.31043800     2.59902900     5.23019000     8.60000000     3.86469000     1.21248400     8.53124300    -3.27545000     1.16451500    -0.52508600  
  -0.38428400    -0.77115800     1.47687400    -0.10025700    -0.52508600     0.72184000     0.27855500     4.11696400     4.33022000     2.58546500    -0.55141700     6.35105200    -2.86806800     0.87001900     8.60000000     7.82949200     0.04785100     1.23526300     4.99552100     1.15344100    -0.49664400  
  -0.24312000    -0.64266600     1.63297000    -0.14897000    -0.49664400     0.81681000     0.30510500     5.27473500     4.68226900     5.31748900    -1.28208600     0.81762500     3.43270600     0.85339600     5.75706700     0.82735800     1.95268000     3.64214600    -8.60000000    -1.18021300    -0.40168900  
  -0.11396500    -0.52396200     1.68526700    -0.10919200    -0.40168900     0.62969200     0.28153500     3.92838400     3.68262400     0.68268100     0.93676000     2.80390400    -6.61360800    -0.85188900     6.56152300     4.91015600    -1.74122700    -7.77092900    -0.97663900    -1.05625000    -0.56635500  
  -0.00007900    -0.40560200     1.79156900    -0.17274900    -0.56635500     0.59556300     0.26014200     3.91131700     3.96717400     3.27373900    -2.20370900    -5.83656100    -1.12770400    -0.79468300     7.36135300    -4.08001300    -2.47472200    -6.02091400    -3.84534900     0.38211900    -0.67052600  
   0.11216200    -0.30259700     1.75771600    -0.23350400    -0.67052600     0.58883500     0.27248600     4.02123700     3.91780400    -2.68277700    -2.09120300    -3.98525000    -1.12863200     0.31756400     8.60000000    -6.70472500    -4.49306600     4.80949300    -4.45031200    -3.05825600    -0.56771200  
   0.25380000    -0.13694600     1.59233300    -0.33203400    -0.56771200     0.54170100     0.20237500     4.99075100     5.72331100    -5.61105800    -3.33946100     3.60313600    -1.84699600    -2.30827500     7.39796200    -5.58840100    -4.23725600     8.60000000    -8.60000000    -2.89384400    -0.39240800  
   0.41535200     0.03782800     1.41198400    -0.40570200    -0.39240800     0.42752400     0.13420100     5.54608000     5.99300900    -5.65664900    -2.58616800     5.97434000    -4.65959100    -2.24030600     7.86135900    -6.23961200    -3.91244100     2.41073700    -8.11039700    -1.44349600    -0.33265300  
   0.57328100     0.20524500     1.26533300    -0.49237400    -0.33265300     0.27944500     0.10227800     5.23232600     5.46897800    -5.13863600    -3.09971500     1.75069400    -5.25456700    -1.11226400     8.38309500    -7.06616800    -6.78625300    -5.88345000    -8.40108600    -4.84275200    -0.36863800  
   0.70101800     0.38738900     1.33810800    -0.63719500    -0.36863800     0.09431100    -0.01865500     2.38368800     4.64899800     1.09941600    -5.47024500    -1.92293100    -6.33208900    -3.86373700     8.60000000    -6.01720300    -8.60000000    -1.08304500     3.48623200    -5.05425400    -0.36360300  
   0.76377700     0.54666300     1.32440100    -0.83869200    -0.36360300     0.16834800    -0.15421700     1.63671400     5.49563700    -1.09616300    -6.59758400     0.14289700     2.53833400    -4.38352500     8.60000000    -7.61143500    -8.60000000    -1.29399200     6.06839800    -2.02425500    -0.32938500  
   0.83373900     0.75743900     1.27705800    -1.01762000    -0.32938500     0.30375600    -0.11250900     2.03194400     6.88328800    -2.35249600    -6.01393600     2.02430700     4.54450400     2.36013300     8.60000000    -8.33334900    -8.60000000    -7.94165100     3.54801000     7.09247300    -0.44186600  
   0.84987300     0.92510600     1.23418900    -1.20919900    -0.44186600     0.38238100     0.05920200    -0.23849800     5.41099900    -2.23531700    -6.49041900    -4.18446400     2.58241300     6.18128300     8.60000000    -8.60000000    -8.60000000    -7.46566000     6.53796500    -6.56702100    -0.45953300  
   0.85394900     1.12458900     1.14606800    -1.39282100    -0.45953300     0.52761900     0.16906500    -0.09977900     6.85885000    -2.71496200    -5.91050100    -0.60933500     4.88692300     3.22451800     7.80578300    -8.60000000    -8.60000000    -4.88777300     8.60000000     1.35674700    -0.50606900  
   0.82974800     1.29931300     1.05010900    -1.57107500    -0.50606900     0.71958700     0.28708300    -1.18560000     5.60982200    -3.62581900    -5.99758100    -1.68403800     6.38936500     4.12425700     6.08273900    -8.60000000    -8.50837100    -5.36935900     8.60000000     0.39763600    -0.55992700  
   0.78274900     1.44274700     0.92755400    -1.74487000    -0.55992700     0.91221500     0.41649600    -1.76005500     4.54652300    -4.30655100    -5.85559100    -1.84904800     6.40260000     4.39554400     7.80582400    -8.60000000     6.53117500    -5.62743300    -5.87303200    -0.85848700    -0.62684300  
   0.74829200     1.56472100     0.83991100    -1.62834900    -0.62684300     0.77771600     0.47538500    -1.31933000     4.31955700    -3.09153500     4.87939600    -2.52493400    -4.48092400     2.06688100     6.54840300    -8.60000000     8.22157500    -5.61656600    -2.04581800     5.85983000    -0.72272600  
   0.68684100     1.67061900     0.70672600    -1.45504000    -0.72272600     0.72766400     0.63371500    -2.14758000     3.64170100    -4.79003100     6.15727000    -3.51801100    -1.62634700     6.21314300     8.44268500    -8.60000000     8.60000000     8.12185600    -6.99663600     1.83108600    -0.56900400  
   0.67905200     1.82961600     0.50253900    -1.24953700    -0.56900400     0.56999300     0.74541900     0.73247500     5.62994400    -4.00704100     7.40998200     2.54029700    -5.68350600     2.19921900    -1.89051900    -8.60000000     5.52306800    -8.60000000    -5.74488000    -6.06867900    -0.69230300  
   0.63167500     1.83350900     0.39552700    -1.09799400    -0.69230300     0.44643800     0.74072900    -2.69819800    -2.12680500    -4.40272600     3.91863100    -5.23785300    -4.29732500    -2.32400600    -7.35728400    -8.60000000     5.93842800     6.79016600    -6.12232200    -6.39258700    -0.58526700  
   0.56751100     1.70995500     0.14833000    -0.94361500    -0.58526700     0.31297600     0.61866300    -1.57877700    -4.54229000    -7.79877800     4.93304500     4.23994600    -4.48337300    -4.73007400    -8.60000000    -8.60000000     5.53478900    -8.60000000     6.03773500    -8.60000000    -0.72326800  
   0.49152400     1.57201700     0.03345600    -0.90365100    -0.72326800     0.39309900     0.44816100    -1.30034600     1.01942600    -0.61483600    -8.08628600    -4.31683500    -2.45546500    -6.29308400    -8.60000000     4.11283300     8.60000000    -8.60000000    -1.55423800    -8.45793300    -0.89521600  
   0.50744700     1.49068500     0.16783900    -0.84461500    -0.89521600     0.27513900     0.26006900     0.46236600    -4.42920100     4.52991600     4.34887800    -5.60133500    -2.63894000    -6.20289800    -8.60000000     4.00777100     7.54890700    -8.60000000    -8.03005900    -7.96453300    -1.07575700  
   0.50020800     1.34180900     0.27137900    -0.68543800    -1.07575700     0.08145000     0.08361300    -0.55422000    -5.02333500     3.16390300     5.10269100    -6.15938500    -6.73451600    -5.90464500    -8.60000000     3.56817100     7.71696600    -8.60000000    -3.28156100    -7.77259200    -1.25367000  
   0.48431200     1.19318300     0.36955300    -0.55340300    -1.25367000    -0.03750500    -0.08834700    -0.62676200    -5.21280400     3.17962200     4.75621900    -5.93673500    -3.72143200    -5.72464900    -8.60000000     1.87145100     8.14743600    -7.47658800     1.99604400    -6.66449300    -1.40049200  
   0.46564400     1.03120300     0.44330600    -0.42603800    -1.40049200    -0.05430300    -0.23471100    -0.63340800    -5.76872900     2.17689400     4.84264200    -4.95620200     0.02051400    -4.87434100    -8.60000000     2.89892600     6.54021100    -8.60000000     5.95091100     1.66921700    -1.57844000  
   0.45167000     0.86935900     0.52053800    -0.31049900    -1.57844000     0.03389400    -0.19674000    -0.47257400    -5.64587800     2.53449600     4.23196700    -5.94856300     3.39509200     1.29899400    -8.11981100     4.26723100     4.42809000    -8.60000000     8.60000000     8.60000000    -1.76502700  
   0.44322900     0.71798100     0.61305300    -0.22000700    -1.76502700     0.20211700    -0.00540300    -0.29326900    -5.16633800     3.23813600     3.15829600    -6.07031200     5.83202100     6.43036400    -7.72802100     6.23256500    -3.27275100    -8.60000000     8.20412200     8.60000000    -1.95578700  
   0.42023100     0.62002900     0.72672100    -0.25426000    -1.95578700     0.39128100     0.18575300    -1.24236600    -3.50057800     4.01986800    -1.72805300    -6.13666300     6.01259200     6.39725500    -6.24844600     6.66845800    -4.12059600    -2.98187600     3.32438200     8.60000000    -2.03575700  
   0.37813700     0.53684200     0.84713200    -0.32116700    -2.03575700     0.47125400     0.37419900    -1.66278000    -2.80564700     4.34381600    -2.73230600    -1.84117800     2.35648800     6.39758500    -6.31628800     6.71476000     0.26225400    -0.69396200    -2.42881300     7.70987600    -2.04432800  
   0.32842300     0.42815700     0.98084400    -0.32041900    -2.04432800     0.40844800     0.54561000    -1.75177100    -3.75453000     4.53920600    -0.08827100    -0.01614100    -2.23254300     5.74234400    -5.73500000     4.26256300    -3.71333600     5.18698700    -2.22290700     3.66218600    -1.93483300  
   0.26226000     0.33175800     1.06142200    -0.39369400    -1.93483300     0.35689900     0.62573900    -2.41809800    -3.27759200     2.36139500    -2.96899500     4.10111300    -2.04298100     2.68069800    -6.57321400     4.33014200    -1.48591500     7.88493600    -6.28333700    -2.09008500    -1.73615200  
   0.22521100     0.20297500     1.15283700    -0.37525200    -1.73615200     0.39738500     0.58004200    -0.48201700    -3.79428000     3.37542800     1.80788000     6.64293700     1.50438300    -1.51639600    -8.28553700     5.51815700     3.20406900     4.89871300    -4.74007900     8.40054300    -1.60885600  
   0.21071000     0.05456200     1.25607600    -0.25133600    -1.60885600     0.40738100     0.76559200    -0.43915400    -4.99670200     3.50964300     4.38325700     3.97603200     0.17429000     6.20628100    -8.29055600     6.22622600    -1.51477400     6.45831300     3.88755500    -4.62238800    -1.47251200  
   0.17159100    -0.07354000     1.35328000    -0.25753900    -1.47251200     0.50256700     0.66159100    -1.71972900    -5.00576700     3.09215000    -0.51310900     4.56509800     3.79914800    -3.54621300    -6.77639700     5.69460600    -3.41996200     7.62035000     0.46475100    -6.59422800    -1.30189800  
   0.13209800    -0.20407500     1.45088100    -0.28329100    -1.30189800     0.61936200     0.51253300    -1.17295200    -4.32559100     3.28799300    -0.80575500     5.71037200     3.95839400    -4.96315700    -6.27191100     3.24900900     1.09909100     8.60000000    -1.34371300    -8.60000000    -1.10021000  
   0.10731100    -0.36030100     1.52034100    -0.22827400    -1.10021000     0.69578300     0.32102700    -0.44851400    -4.92353100     2.08423800     2.06831900     6.60348300     2.40669800    -6.39908700     4.67842100     2.18174900     0.18310300     8.60000000    -1.95334200    -6.86277500    -0.88380400  
   0.15998500    -0.36776200     1.58700000    -0.25199800    -0.88380400     0.74224000     0.17015200     3.00165100     1.31310100     2.09376000    -0.44919900     6.92993500     0.46685800    -5.03447100     6.44569000     7.42818600     0.38942000     6.88287800    -6.06673900     1.68064300    -0.73529800  
   0.30251400    -0.26958200     1.70973200    -0.23886800    -0.73529800     0.70508600     0.20534400     5.74777000     4.44009200     4.66770400     0.76128800     4.97903500    -2.31745200     1.22503900     4.51075300     1.54136100     2.75401100    -2.64842000    -6.59519700     1.69657300    -0.75732100  
   0.44210700    -0.20040500     1.80845800    -0.18047100    -0.75732100     0.59585600     0.24967600     4.62072000     2.28458600     1.87819300     1.78192400    -1.47851600    -3.97460000     1.33263000     6.41592300    -8.59104200    -7.91157000    -1.35145000     3.68795200     6.87015200    -0.75019500  
   0.53816400    -0.07935300     1.70831200    -0.35944900    -0.75019500     0.67262400     0.40762000     2.55610500     3.76886700    -5.29248800    -6.26267000    -0.36463400     2.67560000     5.16654600     5.82946700    -8.60000000    -8.60000000     6.06069800    -8.48790900    -0.66815400    -0.66064700  
   0.65222200     0.10009100     1.64744300    -0.53502700    -0.66064700     0.51979600     0.35290900     4.34075300     7.20882100     0.58537800    -5.07128900     3.82293600    -6.20504000    -1.87883800     7.05067400    -8.60000000    -8.60000000    -0.77723000    -6.33133900    -7.02615900    -0.60540000  
   0.71244000     0.24312900     1.64018700    -0.72598400    -0.60540000     0.37735200     0.20861400     0.77671300     4.22606400    -1.12342800    -6.67406900     1.16402500    -4.78823400    -5.22613700     7.43586200    -8.60000000    -8.60000000     0.80368000     5.00275600    -8.60000000    -0.54455100  
   0.72036800     0.37360300     1.58178300    -0.93029500    -0.54455100     0.48437900     0.01255300    -0.30278300     4.61439500    -2.40619600    -6.61341600     1.80997200     3.64837300    -6.71455500     8.27449300    -8.60000000    -8.60000000     8.60000000     8.26617200    -5.82423700    -0.37785200  
   0.73364400     0.56539500     1.46751600    -1.11489200    -0.37785200     0.66745000    -0.16899500     0.35457900     6.57514300    -4.28183500    -5.98950600     6.24594000     6.15531500    -5.52817900     5.21450000    -8.60000000    -7.84004600     4.26505300     8.05284600     7.25539100    -0.31383600  
   0.74037400     0.73272000     1.36545100    -1.25936400    -0.31383600     0.84918800    -0.08792500    -0.10349900     4.84009500    -4.32090400    -5.10644200     2.75959900     6.03027200     3.88997000     7.21641600    -8.60000000    -4.82505700     4.24047900    -8.21239400     8.31293500    -0.21961100  
   0.74206500     0.89788800     1.22968500    -1.35835200    -0.21961100     0.66837100     0.06828700    -0.01686000     5.54877700    -4.70314800    -3.21089800     3.34364600    -6.09939100     5.49491500     5.20057400    -8.60000000    -7.73043800    -4.46218800     4.04492100     1.66244700    -0.26192400  
   0.69223000     1.00383700     1.13875900    -1.52416500    -0.26192400     0.75668700     0.11406500    -2.27355100     3.26773300    -3.08466300    -5.54583700    -2.32252000     2.96972500     0.75690900     6.22712900    -7.28531300    -6.40913500    -1.30490900     6.49447300     6.53718500    -0.29969700  
   0.64368500     1.13380400     1.03366200    -1.65692400    -0.29969700     0.90018100     0.22816800    -1.55274500     4.59165400    -3.69512000    -4.28110100    -0.95119300     4.82819200     4.23651300     6.38747800    -5.98681900    -6.82344300    -5.84552900    -7.90338200     7.02507200    -0.41876900  
   0.58155700     1.27508900     0.95254800    -1.79412000    -0.41876900     0.72670100     0.37782000    -2.34179900     4.46170500    -2.83528800    -4.66221200    -4.38780100    -5.87543900     4.85855500     5.77078000    -7.20249000     3.25887300    -7.65625000     6.02009400    -4.50537200    -0.53252000  
   0.49408700     1.35170000     0.87920300    -1.75767000    -0.53252000     0.85264700     0.29848500    -3.44906200     2.74508000    -2.41791200     2.34350200    -4.88064900     4.35577000    -3.43385700     8.60000000    -8.52096100     6.46350800     8.60000000    -8.60000000     7.05535400    -0.46253100  
   0.45433300     1.49810800     0.71797900    -1.59192600    -0.46253100     0.66005800     0.36990400    -0.34825300     5.76760000    -6.20253100     5.28264300     5.01242600    -6.43208900     4.30515100     7.82836200    -8.60000000    -1.69115600     5.12235900    -8.44552900     7.99749700    -0.36894500  
   0.42538400     1.67976000     0.52898000    -1.59962600    -0.36894500     0.47425100     0.53430800    -1.00099000     5.68445600    -6.50460000    -0.91551100     3.13096300    -6.26523000     5.58358800     7.87334000    -7.01336300    -1.96363600    -8.11401500    -8.60000000    -3.57419000    -0.48177800  
   0.35144600     1.83910400     0.44172900    -1.65087000    -0.48177800     0.28095700     0.48531100    -3.57017400     4.69589000    -3.51627700    -1.75803700    -5.34385700    -6.47423900    -2.51143000     2.10401600    -6.27973800     8.60000000     7.29713000    -7.57023400     7.80305400    -0.43723600  
   0.29797200     1.87414500     0.24298400    -1.46289200    -0.43723600     0.11054500     0.60120500    -0.41315200     1.48265400    -6.37315800     6.82703200     3.49825200    -5.58347100     5.00528000    -8.24378300    -4.33511000     8.55010900     4.03892800    -8.19632500    -6.19367200    -0.36341300  
   0.26681000     1.77728300     0.09320600    -1.23259200    -0.36341300    -0.06540900     0.49256300    -0.82857400    -5.58610000    -5.58638800     7.63041800     2.63221300    -5.90131100     0.18845900    -6.37936600    -4.85079500     8.60000000    -7.89771600     7.30569700    -4.72765700    -0.48708600  
   0.24000000     1.59818100     0.03719900    -1.04857000    -0.48708600     0.09454200     0.47860300    -1.27219600    -6.13102000    -1.98420200     5.96732400    -4.75393100     5.36352400    -1.48952200     1.76355300     1.01406500     8.60000000     1.84997100     8.26366600     8.60000000    -0.46853100  
   0.27868600     1.57412300     0.03452500    -0.87589400    -0.46853100     0.27450300     0.66330500     2.10516900     0.79553100     0.92338400     6.23101300     1.44482700     6.10417400     6.40252900     2.78425300     8.60000000    -5.39920000     8.60000000    -6.87512400     5.76119400    -0.41102100  
   0.39883100     1.70354300     0.05284500    -0.93778000    -0.41102100     0.13168900     0.77230200     5.93182400     3.98043600     1.80033200    -2.76017800     2.96393300    -4.94085700     2.99479300    -7.17234400     8.60000000     8.60000000    -8.29577900    -6.34888800    -7.13695000    -0.56591700  
   0.56618900     1.59598400     0.24467100    -0.72630500    -0.56591700    -0.00756400     0.70758900     5.16542400    -5.43357200     6.36742600     6.72889100    -5.93782900    -4.68141900    -3.46442200    -8.17513000    -2.82959100     8.60000000    -7.37356300    -8.24098400    -7.76677600    -0.66231200  
   0.66513200     1.45705600     0.31744800    -0.59258100    -0.66231200    -0.20166600     0.58504300     5.45610200     0.08575600     6.81758000     4.78217100    -2.07290800     0.58817500    -5.50581800    -6.70201700     8.60000000     8.60000000    -7.11603000     3.59621700    -5.93814400    -0.80808100  
   0.80166300     1.40762200     0.51700500    -0.41730300    -0.80808100    -0.19097900     0.45271800     3.89939000    -2.59314800     6.05550400     6.00183500    -5.22340200     0.49070400    -4.44368700    -6.27712800     8.60000000    -4.84792900    -7.36252100     0.41521800    -5.85019200    -0.97937900  
   0.88671500     1.39151200     0.68331500    -0.42185200    -0.97937900    -0.08526800     0.32053300     2.39659600    -0.59535500     5.85683800    -0.59821800    -5.57602000     3.59017000    -4.39688100    -8.60000000     8.60000000    -7.93869000    -8.60000000    -8.27656400    -5.60525400    -1.16815400  
   0.94149600     1.35895700     0.87516400    -0.41468000    -1.16815400    -0.00510500     0.19509200     1.17285900    -1.20828400     6.45216100     0.03717300    -6.26411200     2.34397000    -4.17635400    -8.60000000     8.60000000    -7.26239500    -7.12549600    -7.76621000     0.19182300    -1.32757700  
   0.96253100     1.31819500     1.06191500    -0.41191100    -1.32757700     0.05392500     0.19758700     0.19323000    -1.41277800     6.42312100    -0.12704200    -5.04351500     1.73305000     0.14627000    -8.60000000     3.03763300    -8.60000000    -7.39032800    -4.07248100     8.60000000    -1.47196000  
   0.92831200     1.26034200     1.16198600    -0.47836200    -1.47196000     0.14400900     0.39093900    -1.79677600    -2.40363500     2.56582300    -2.43585800    -5.03830100     3.04271800     6.43116100    -7.35188500     7.36563300    -6.23989900    -6.68998300     6.74630000     2.71042200    -1.62379200  
   0.86642800     1.20002300     1.28196200    -0.60465500    -1.62379200     0.26873600     0.44993300    -2.32737500    -2.42999500     4.54268100    -4.50863700    -4.80710700     4.61125700     1.97896600    -7.45902400     7.72883500    -5.20388600    -4.27419800    -2.32349000    -4.11896400    -1.70609700  
   0.81413800     1.11424400     1.45002700    -0.65796900    -1.70609700     0.35554000     0.35909000    -1.77264700    -2.82219700     5.75804700    -1.70083300    -2.56166400     2.75038300    -3.01937500    -8.55890300     8.60000000    -3.13767200    -0.67247200    -7.54143900     0.50087000    -1.71153100  
   0.77887800     1.02204600     1.62936300    -0.63047100    -1.71153100     0.38497900     0.36900600    -1.20041400    -2.95757400     6.09705600     1.04315900     0.11848400     0.71400200     0.40006800    -8.60000000     7.97857400     3.70763700    -3.15723300     1.30986100     3.18012700    -1.76124900  
   0.73217000     0.89179600     1.79291300    -0.56851900    -1.76124900     0.40657000     0.44109900    -1.65788400    -4.91066400     5.26373000     2.33291400    -2.01550400     0.91986600     2.36226700    -8.60000000     6.03929000     3.87000600    -0.67965100     2.83426600     7.96726000    -1.77550800  
   0.67954800     0.73366200     1.91101800    -0.50303800    -1.77550800     0.44660000     0.61714200    -1.69175900    -5.48710600     3.78733100     2.19383100    -0.29736700     1.60151700     5.89934800    -8.60000000     4.64955600     1.95326100     2.95263200    -1.86297500     1.00678000    -1.70542700  
   0.63950100     0.57665300     2.00531000    -0.42364100    -1.70542700     0.48416600     0.63994600    -1.14135200    -5.09571100     2.92875100     2.71674300     2.44195600     1.23761600     0.73258500    -8.60000000     5.14434500     3.71996800     4.61983500    -6.38928300     4.66233100    -1.59787200  
   0.62997500     0.42620700     2.09713500    -0.27398700    -1.59787200     0.47543200     0.74194500    -0.01050100    -4.75161000     3.20057700     5.27645700     3.61742700    -0.53534900     3.43185500    -8.60000000    -5.25584000     0.46609900     5.39751300    -3.66238700    -0.75186500    -1.45625900  
   0.58709000     0.27545700     2.03307000    -0.21205500    -1.45625900     0.46779300     0.73050700    -1.87126300    -5.44486400    -4.07328800     1.54974300     4.18689200    -0.63080600    -0.54717000    -8.60000000    -3.18259400    -6.97463900     7.88965500    -8.41212600    -0.57362600    -1.29617200  
   0.53632400     0.18229400     1.90412200    -0.27159800    -1.29617200     0.40404300     0.71440900    -2.12014400    -3.28397100    -4.30123700    -2.62910900     5.20898600    -3.25726200    -0.53714900    -5.52537700    -1.15374900    -6.03097600     8.60000000    -4.70593300    -3.13147400    -1.12378000  
   0.48283200     0.10213600     1.82269600    -0.37550800    -1.12378000     0.33963400     0.64119600    -1.74630600    -2.78648200    -2.14821400    -3.52903700     5.97345200    -1.94328100    -2.40751800    -4.36492000     2.76807200     2.20010100     8.60000000    -2.25497100    -5.37983400    -0.94351300  
   0.47146500    -0.01549500     1.83714700    -0.34751800    -0.94351300     0.30577200     0.51821500     0.44450000    -3.51038200     1.40952000     1.55114600     6.31078300    -0.62208300    -4.04167800     5.22310700    -6.02217900     5.02417600     5.99680100     7.03540800    -4.57522800    -0.75358800  
   0.52427000    -0.03886300     1.81581400    -0.31955200    -0.75358800     0.43719900     0.42332000     2.78243000    -0.17097900    -2.00487200     1.52785700     5.72629100     4.83067300    -3.26093700     8.60000000    -8.60000000    -8.60000000     8.60000000    -1.80702300     7.88173900    -0.53776800  
   0.62267100     0.10290000     1.67265800    -0.52541600    -0.53776800     0.42364400     0.59976800     3.43801300     5.00024500    -5.62748000    -7.18797200     6.85581100    -1.31991300     5.88281400     7.29044800    -8.60000000    -8.16078700     5.31938900    -1.36547400    -6.42957400    -0.39570800  
   0.76301600     0.30339800     1.64399900    -0.70525500    -0.39570800     0.38880900     0.45724600     5.47430600     7.95434400     1.68643400    -4.70375600     6.43815400    -0.85724200    -4.46263400     6.96155500    -7.34810700    -8.60000000    -4.37268700    -3.30778000    -7.88008600    -0.37804200  
   0.84519900     0.45628500     1.71448800    -0.88915600    -0.37804200     0.31565400     0.31170100     1.20985900     4.24377800     1.31481700    -6.59364900    -0.24785000    -2.52658100    -5.31385600     5.58796900    -6.79183900    -7.49345700    -5.52208300     3.68346700    -8.60000000    -0.42037900  
   0.84557400     0.54946900     1.74100700    -1.06643600    -0.42037900     0.39437900     0.13264400    -0.89771000     3.08259900     0.27320100    -5.83335000    -1.87280400     2.66358500    -6.24290100     4.17836400    -6.99493300    -6.01267800     4.19641700     6.52328300    -6.50929900    -0.33180900  
   0.83366500     0.66145700     1.67889500    -1.19152400    -0.33180900     0.53952800    -0.05108700    -0.60483600     3.65495500    -2.55755700    -4.07691300     3.47864900     4.87774800    -5.71855100    -4.25100600    -7.46017200    -3.16338100    -0.73349500     8.10714800     4.64938000    -0.36543500  
   0.78871300     0.65212700     1.61463200    -1.22528700    -0.36543500     0.72474400    -0.01528200    -2.05930400    -1.72138800    -3.03240400    -1.55239700    -0.82638800     6.10969700     2.07305500     4.54322100    -4.29753400     0.68245900     4.10877100    -4.23847100     3.73250400    -0.28613600  
   0.78117100     0.72728300     1.53059200    -1.22136300    -0.28613600     0.62928200     0.05044400     0.35211700     3.68185600    -2.07127300     0.72913700     2.98988200    -3.15278300     2.14185000    -8.02393800    -6.72206600     2.73092400    -8.03251400     6.68719400     6.51360700    -0.43100400  
   0.71203100     0.61582300     1.50222300    -1.13018100    -0.43100400     0.78086400     0.17576800    -3.36630100    -5.47394900    -1.77057600     2.48875400    -5.46514900     4.98984700     4.25567000    -0.38360100     7.09206800     6.31698400    -5.37890400    -6.37994500     6.23263500    -0.58414900  
   0.68582200     0.58775900     1.56270700    -1.00434900    -0.58414900     0.63858000     0.31397200     0.13895800     0.20468900     4.16000000     4.87845600    -4.47893600    -4.72012900     4.55304000    -8.60000000     8.10206600     6.68717400    -7.73774300     7.55132400     7.46838800    -0.77069600  
   0.66879500     0.44557800     1.69729500    -0.85919600    -0.77069600     0.85712300     0.47835700    -0.33053000    -5.41058500     4.95536700     5.20289600    -6.06452100     7.34247100     5.49198900    -6.49951000    -0.15208100     4.65378200    -4.62712600    -6.64135800    -4.37581900    -0.85319500  
   0.65834600     0.33365900     1.71884300    -0.75229100    -0.85319500     0.87689900     0.38530000    -0.44422000    -3.87782300    -0.66580400     3.73786800    -3.42609100    -1.94062000    -3.25950100     3.84767400    -7.42418700    -8.60000000     6.22341400    -6.77327700     3.84496400    -0.77945500  
   0.68622600     0.45183600     1.66198500    -0.91640900    -0.77945500     0.73823800     0.42615400     0.95039800     4.24616500    -2.56962700    -5.63974200     3.41287900    -4.99222400     1.96482400     7.31905000    -8.37931100    -8.60000000     8.60000000    -6.45210900    -4.20145700    -0.58014500  
   0.71310200     0.60803500     1.56281600    -1.10539900    -0.58014500     0.59316600     0.32644100     0.61763900     5.35910900    -3.48491300    -6.23804500     6.75527700    -4.81841800    -3.39911500     7.13020300    -8.08623700    -8.60000000     8.23948000    -5.89046000    -5.50416400    -0.38027100  
   0.72055500     0.76504200     1.45849700    -1.29194900    -0.38027100     0.46134000     0.19645000    -0.00243600     5.31620300    -3.52694800    -6.14476800     6.61663000    -4.38107800    -4.49209300     2.51634500    -8.60000000    -4.35317500     5.40073900     2.34645100    -5.88419900    -0.23239600  
   0.69355200     0.83062100     1.35280700    -1.38606400    -0.23239600     0.51247800     0.05461700    -1.26174300     1.88085500    -3.69893200    -2.97541600     4.76478200     1.74943300    -4.93043300    -7.86636100    -4.60959700     4.36195400    -3.91687300     8.60000000    -0.18403000    -0.30913400  
   0.62095600     0.70134500     1.30276700    -1.27857800    -0.30913400     0.70506400     0.02775700    -2.74865200    -5.26730800    -1.72150400     3.74217700    -2.98370000     6.42576500    -1.03314400    -4.08165700     5.50581200     4.85370300    -6.48964900     4.57177100     8.60000000    -0.51059400  
   0.59504600     0.63417300     1.36073200    -1.16124500    -0.51059400     0.80829700     0.18829100    -0.00648600    -1.68049900     3.01819300     4.21325400    -6.42360000     3.46357700     5.43439900    -8.60000000     6.88623200     7.37470500    -1.42853700    -8.15217800     6.34701300    -0.63484200  
   0.60975700     0.53373500     1.44465800    -0.95959700    -0.63484200     0.63318600     0.28203900     1.07625200    -3.91747900     3.46560500     6.59923300    -3.79613700    -5.93677500     3.28318100    -0.86459600    -2.62661200     6.96948600    -0.98529200    -8.60000000     3.10603600    -0.61169000  
   0.64940300     0.51113000     1.45918400    -0.83597100    -0.61169000     0.56576800     0.36293700     0.82922100    -0.93821900    -1.20358800     4.01789700     1.13604000    -3.27344500     3.19766800     6.87442700    -7.40293700    -8.48728900     2.16541000    -8.60000000     2.67130800    -0.54688500  
   0.66572300     0.66157900     1.41452000    -0.99970600    -0.54688500     0.37709100     0.41526800    -0.00662200     5.03216700    -2.00801100    -6.07180600     2.09519200    -6.40545500     1.78522500     8.60000000    -5.98978400    -8.54529000     2.09147300     1.75872700    -7.21955600    -0.45914500  
   0.65344000     0.81982100     1.37258900    -1.19972500    -0.45914500     0.41247200     0.26414000    -0.66231200     5.77405800    -1.11098500    -6.31146100     2.36451300     1.26475300    -5.60857400    -8.28126900     7.98201100     6.74963700    -3.12741900     8.60000000    -6.69569600    -0.55563000  
   0.61363600     0.70775400     1.43943000    -1.07938400    -0.55563000     0.62761500     0.11773600    -0.44789000    -5.50488300     4.19868400     3.90138500    -2.85006800     8.31362900    -5.08162800    -8.00972700     6.76914300     8.60000000    -7.50803200    -6.16852600    -4.82941500    -0.71714500  
   0.61972400     0.58990600     1.56417400    -0.92593800    -0.71714500     0.64444000     0.01069100     0.34223900    -4.22203200     3.85303100     6.44527000    -5.84447000    -2.00541000    -3.63089900    -7.73364500     5.25368000     8.22220800     5.78922700    -8.11322100     8.60000000    -0.62841300  
   0.65336100     0.49229200     1.60450100    -0.72052900    -0.62841300     0.53766700     0.19354800     1.22811500    -3.42429500     1.96924200     7.03158700     3.63258800    -3.76196000     6.28580300    -5.63763400     3.43968400     8.60000000     3.32084400    -5.94071600     4.12748700    -0.55273600  
   0.68736600     0.38310800     1.67286100    -0.52283200    -0.55273600     0.44209100     0.28640400     1.24308500    -3.74495600     2.15817200     6.60051700     2.41715900    -3.09737500     3.05508700    -2.42244700    -1.64220300     8.60000000    -4.33080700    -4.51279900     3.60947700    -0.60915100  
   0.71634600     0.27300300     1.71353700    -0.35979400    -0.60915100     0.35277900     0.37318100     1.23161300    -3.48920800     0.18614500     5.43579200    -2.49381900    -3.05212600     2.77839200     8.60000000    -7.98147400    -3.03268500    -2.04331800     1.92821900     8.60000000    -0.61231700  
   0.77781100     0.35941400     1.63331500    -0.47780900    -0.61231700     0.37924200     0.56909900     2.58205800     3.16440100    -3.91279100    -3.88004900    -0.49040800     1.14514600     6.47451600     5.73387600    -8.60000000    -4.58159100     3.11007900     4.46273800    -4.46333400    -0.52009500  
   0.88428300     0.51820600     1.63570500    -0.56844500    -0.52009500     0.47760500     0.47639000     2.65580400     4.54346400    -0.42981400    -3.14344200     4.00320200     3.31665200    -3.04523000     2.16941000    -6.97302400    -4.44489200    -3.77588300     6.52941700    -5.04072600    -0.53903700  
   0.90396900     0.56757100     1.64076900    -0.66361400    -0.53903700     0.62284500     0.37988200    -0.29419100     1.05637900    -0.40021200    -3.43179100    -1.31417100     4.79971200    -3.61099200     7.23452900    -6.47555100    -6.64519500     1.26539500    -2.09708300    -5.47874800    -0.48974400  
   0.91308100     0.70002000     1.60315900    -0.81823400    -0.48974400     0.57498600     0.25038200     0.17621500     5.00385600    -1.37264400    -4.96108500     1.73277000    -1.60715900    -4.34748800     8.20579900    -7.80054700    -7.75629700    -1.12780000    -0.26545800    -4.42080100    -0.47706500  
   0.90129700     0.86149500     1.56292900    -0.99269800    -0.47706500     0.56700800     0.14371700    -0.88464800     5.50566700    -1.66116700    -5.74212400     0.11309600    -0.25165000    -3.76705900     6.57726800    -6.90254600    -6.01620500     1.23172600     8.49429500     2.45733200    -0.46857600  
   0.88705200     1.01965500     1.49905800    -1.11438700    -0.46857600     0.75446500     0.15552800    -0.52949000     5.22654100    -2.54781500    -3.98158100     0.73236400     6.31414500     0.89563200     5.63698600    -8.37167500    -8.48510200    -0.87988300     0.66492500     8.60000000    -0.49803700  
   0.85737300     1.16890600     1.40953500    -1.27689100    -0.49803700     0.77193000     0.31331700    -1.34372500     4.35950800    -3.74256400    -5.83870500    -0.71802700     0.49971900     5.82417000     5.87696400    -8.60000000    -8.60000000    -2.51941000     8.60000000    -2.50749000    -0.51558700  
   0.78888900     1.27605600     1.30678800    -1.47082700    -0.51558700     0.96087900     0.26561800    -2.67386900     3.62365000    -3.30279300    -6.24346800    -1.42096600     6.33557700    -2.26435100     4.65134800    -8.60000000    -8.46995300     1.17857300    -5.75487400     6.90946800    -0.53632200  
   0.72379000     1.39232800     1.17156200    -1.63281400    -0.53632200     0.83576200     0.37532100    -2.06668700     3.57695700    -5.18195600    -5.74361400     0.16098200    -4.25778300     4.48488700     6.07834000    -8.60000000    -4.54030200    -1.88031500     8.60000000    -5.29590600    -0.53473800  
   0.64733500     1.48746200     1.04939400    -1.75261800    -0.53473800     1.02172100     0.27237200    -2.91363700     3.48517400    -3.78284700    -3.30856900    -1.05825800     6.32024500    -4.29441100     6.53889800    -6.89315200    -3.93342300     3.57416600    -7.08300500     8.36495000    -0.53912100  
   0.59902500     1.62762900     0.91203400    -1.81409900    -0.53912100     0.86644700     0.39854000    -0.98878800     4.88726500    -5.06679300    -2.37385500     1.34060800    -5.24428300     5.40712400     5.10500000    -6.72302000    -0.54546500    -3.80550300     5.96842400    -1.61041400    -0.58076500  
   0.54254100     1.72631800     0.81099000    -1.84029700    -0.58076500     0.99556700     0.38124000    -2.41946600     2.87273800    -3.16546800    -0.40239800    -2.83113700     4.37268300    -1.49709400     7.35402200    -8.37372000     6.81959800     6.14062000    -4.33396100     5.75682400    -0.52258000  
   0.51777500     1.83224800     0.66231200    -1.69452600    -0.52258000     0.89583900     0.45760200    -0.13199300     4.32521400    -5.44233000     5.13964400     3.61899300    -3.31081200     3.64058400     6.05231500    -7.77343800     5.76104500    -0.21960500    -7.00804400     5.60870800    -0.51548500  
   0.49415900     1.95069500     0.52536900    -1.56534900    -0.51548500     0.73862800     0.58555800    -1.10195000     3.50930700    -4.72485700     4.17208200    -0.45201300    -5.28196200     3.99060500    -6.24612700    -8.50153600     5.40479600     2.20010100    -6.61891800     3.74954000    -0.48653000  
   0.42110200     1.88719100     0.30955500    -1.41791100    -0.48653000     0.59661200     0.66128700    -2.62365800    -3.93978000    -7.37370400     4.47235400     0.62891300    -4.85567400     2.38884000     1.56198600    -6.99748200     4.88707200     6.55731300    -5.92778400    -8.60000000    -0.32041000  
   0.41998300     1.87617700     0.12863000    -1.30249900    -0.32041000     0.46231800     0.61714000     1.71887900     1.20303800    -4.81959400     4.03556400     7.45977700    -4.38289800    -0.92130400    -8.60000000    -7.16587300     0.35477600    -8.17721400    -6.12727500    -8.60000000    -0.40683700  
   0.39196700     1.73550700     0.04587200    -1.26438700    -0.40683700     0.33153400     0.56447500    -2.31429200    -7.28758800    -3.52118800     0.11961900    -4.50534500    -4.58969800    -3.97417100    -8.60000000     8.14927700     6.43470200    -8.20355800    -1.27307100    -8.60000000    -0.63692000  
   0.41490000     1.54886600     0.13895200    -1.11218700    -0.63692000     0.30200400     0.38212800     1.79801900    -5.52985800     4.38861300     5.33636800    -7.03065300    -0.88474600    -6.87917600    -8.35825500     8.60000000     8.60000000    -8.60000000    -8.26225800    -8.60000000    -0.84910900  
   0.48131200     1.38164100     0.29229100    -0.90783600    -0.84910900     0.11983200     0.18149100     2.39731800    -5.62742600     5.26973200     6.80112000    -6.93760900    -6.10248200    -6.50588800    -7.76425700     8.17601600     8.60000000    -8.60000000    -7.10965100    -8.60000000    -1.01391000  
   0.59942800     1.36380800     0.52338200    -0.78594000    -1.01391000     0.02295300    -0.01282000     4.46207800    -0.95349900     8.50152700     7.22586800    -4.77967500    -1.81029100    -6.15819600    -8.60000000     8.60000000     7.67387000    -7.54648800    -4.68908700    -7.31604800    -1.16810300  
   0.69481400     1.29076300     0.72453700    -0.57181300    -1.16810300    -0.02274400    -0.17427800     2.45948900    -3.22822300     6.14867200     7.30808000    -5.46066000    -1.62036800    -5.42647100    -8.60000000     8.54358000     1.35884500    -8.60000000    -5.40268800    -4.35854800    -1.35876000  
   0.74299500     1.21748700     0.90153000    -0.44424800    -1.35876000    -0.02885000    -0.27188700     1.18384100    -2.51921800     6.09896500     3.95867700    -6.22567500    -0.25561700    -3.22954100    -8.60000000     8.29704100    -3.13704500    -8.21071900    -1.90351400     5.12634700    -1.54481000  
   0.75223600     1.16115900     1.06395300    -0.42351100    -1.54481000     0.01598200    -0.15959000    -0.16362500    -2.14844600     5.67029000     0.36224700    -5.87462700     1.62257400     3.82493500    -8.60000000     8.60000000    -2.37088800    -7.35504500     7.38046600     6.95298500    -1.70755000  
   0.72164100     1.08666900     1.21814000    -0.47706600    -1.70755000     0.11343100    -0.00525900    -1.51055500    -3.23432900     5.34896600    -2.04900000    -5.23700100     3.77277400     5.17229800    -8.60000000     8.60000000    -2.88350000    -6.96600200     3.41068400     6.06169600    -1.85146400  
   0.67319400     0.97446300     1.39282300    -0.51881500    -1.85146400     0.21894000     0.13069100    -1.84554100    -4.08341700     5.97471400    -1.45495500    -4.68842100     3.69283100     4.54517900    -8.60000000     8.60000000     0.60644900     0.62975500    -0.41474200     5.77647600    -1.84197200  
   0.63868700     0.83765400     1.56483400    -0.47438700    -1.84197200     0.27681400     0.25719600    -1.01678200    -4.39260800     5.89181500     1.55419600     1.00955500     1.82163000     4.32275500    -8.60000000     8.60000000     2.26059800    -0.98972600    -1.59439500     7.92833700    -1.84199400  
   0.61263800     0.69362700     1.74638900    -0.39299800    -1.84199400     0.31340200     0.43537200    -0.82231400    -4.87355900     5.98478200     2.89208800    -0.21531800     1.15915700     5.91494200    -8.60000000     8.60000000    -1.18081200    -0.60942500     0.91640100     5.64098800    -1.84736300  
   0.57536000     0.56064800     1.91777500    -0.37677900    -1.84736300     0.39288500     0.56099100    -1.38454700    -4.72227500     5.61182200     0.41481500    -0.17694000     2.92291200     4.16741700    -8.60000000     7.86704800    -5.39942300     4.49921100    -1.36970500    -1.41513900    -1.75303700  
   0.53108200     0.45523900     2.05631800    -0.43184300    -1.75303700     0.45556300     0.52757100    -1.79972500    -3.84573500     4.36651700    -2.24183000     3.26397600     1.77757200    -1.13964300    -8.60000000     5.63249900    -0.99654400     5.95677600    -7.53141700    -6.63731600    -1.61584200  
   0.48837400     0.32115200     2.15232600    -0.41113400    -1.61584200     0.39291400     0.37933800    -1.51026500    -4.49362900     2.90623700     0.64312500     4.23974400    -3.21477000    -5.00367600    -8.60000000     5.67006500     3.01070600     6.11496300    -5.56002400    -6.37286800    -1.48408800  
   0.44645400     0.14941000     2.24784100    -0.33084000    -1.48408800     0.30733000     0.23534900    -1.24328300    -5.79139400     3.32942000     2.81767700     4.46034300    -2.69026100    -4.77932600    -7.44437800    -3.88172700     6.18047800     8.36255000     6.27238400    -8.45580100    -1.27432600  
   0.39770900    -0.04508800     2.22475300    -0.20794200    -1.27432600     0.44102100     0.05103300    -1.69514700    -6.10012600    -2.17785600     4.34738800     6.64894500     4.61824900    -6.22128600    -3.35467000    -1.27434700    -6.49519600     8.60000000     2.36904000     4.44375100    -1.09143100  
   0.35702400    -0.11195100     2.17237400    -0.34285700    -1.09143100     0.51122000     0.14688000    -1.24475800    -3.44603000    -1.71576800    -4.84428700     6.38894700     4.48510300     3.29531000     5.45395100    -6.35762900     2.12797500     6.99303500     3.95299000     3.53792300    -0.88681300  
   0.40372800    -0.14454100     2.10422800    -0.39185500    -0.88681300     0.58972200     0.23269200     3.37274400     0.71584700    -2.71134400    -0.50235500     6.42049000     2.51574400     2.79962900     6.57669000    -5.95758800    -7.62801200     4.94118500     4.56847700     7.77777300    -0.75353400  
   0.51081800    -0.03500300     2.00834600    -0.57610900    -0.75353400     0.69843200     0.40879500     3.75817600     3.68239900    -3.80871500    -6.37421500     4.11736200     3.60258600     5.82533900     6.17438100    -6.58702100    -8.60000000     4.06852600    -2.77199700    -4.00318200    -0.64906300  
   0.62270100     0.08594200     1.87139400    -0.77555700    -0.64906300     0.70254300     0.32277100     3.75638700     4.03323200    -5.01940700    -6.73771500     3.15271600    -1.59239800    -2.99066900     5.76715600    -7.75006200    -8.60000000    -8.60000000    -7.96515000    -8.60000000    -0.79162600  
   0.72024400     0.22922400     1.97170300    -0.96732300    -0.79162600     0.55511000     0.10391100     1.64802000     4.00972500     3.92228200    -6.15247400    -4.24312200    -5.95584200    -7.10498500     3.43737500    -6.25425800    -8.60000000    -8.60000000    -6.13445700    -8.60000000    -0.93581300  
   0.71266600     0.29293800     2.03151300    -1.15608900    -0.93581300     0.41699700    -0.10461200    -1.54232700     1.54515800     0.48759000    -6.54403500    -4.97539700    -4.62896000    -6.83933300     2.76949500    -4.86864200    -8.60000000     2.78836900     2.58120000    -0.33833000    -0.99011100  
   0.70469600     0.40334300     2.01374500    -1.33091100    -0.99011100     0.47479700    -0.22146900    -0.16583600     3.70930200    -1.34958100    -5.58814100    -0.57505100     2.02209600    -2.85509000     3.31824800    -8.15123700    -8.60000000     8.60000000     0.08868600     3.41017300    -0.92553200  
   0.71302200     0.54108500     1.93398100    -1.49091600    -0.92553200     0.48088300    -0.27006400     0.20348600     4.23021600    -3.50283600    -5.42764700     3.36839600     0.19128500    -0.59148600     5.43136000    -6.39198900    -8.60000000     8.60000000     3.82097700     6.02385500    -0.81502900  
   0.73710300     0.69761600     1.84172100    -1.66266000    -0.81502900     0.56788900    -0.21684300     0.95712000     5.20277000    -3.17515500    -5.68869800     4.36457800     2.93179500     2.32869000     7.86503100    -5.96567500    -8.60000000     8.60000000    -7.26959300     7.12969300    -0.67174200  
   0.77699500     0.89565200     1.75406200    -1.83427800    -0.67174200     0.40949500    -0.11314600     1.39698700     6.60458500    -2.96603600    -5.78218000     5.18554900    -5.32829100     3.79144300     6.00120900    -6.08812400    -4.14896700     7.37927200     3.74898700     3.34102900    -0.50752000  
   0.80924600     1.03208400     1.65966300    -1.93293100    -0.50752000     0.49071500    -0.05510200     1.04458400     4.61336500    -2.83775000    -2.80191500     5.28586800     2.81157500     1.63232600     3.59446600    -5.94841000     3.55018100     8.09183000     2.75217500     6.42463300    -0.34153000  
   0.85081600     1.12371300     1.56791100    -1.85904300    -0.34153000     0.55140600     0.05720500     1.52372400     2.92353300    -3.11576100     2.99809300     5.95913600     2.07873700     4.14775300     4.42943400    -8.60000000     4.43154100     0.19108000     7.48299500     7.62899600    -0.27684000  
   0.87115000     1.19522400     1.50665600    -1.76251900    -0.27684000     0.71561200     0.23159400     0.17646300     2.59201700    -2.26330700     3.45409800     1.76520400     5.51402900     5.65384200    -3.67743200    -7.41009100    -2.13439800    -7.06058600     7.87629800     6.96695300    -0.38694200  
   0.81279600     1.15643400     1.46708000    -1.77070600    -0.38694200     0.89634300     0.38688000    -2.79524700    -2.73069900    -1.97389400    -1.15240900    -4.21266700     5.86972100     5.15834100     3.49995400    -7.15983300     6.86943100    -8.25467800    -8.60000000    -6.23128300    -0.48275100  
   0.72109000     1.14406400     1.43881500    -1.65988900    -0.48275100     0.69905000     0.28151000    -3.45869100     0.80555100    -0.54272800     4.84152300    -4.16749000    -6.53500300    -4.35088300    -8.60000000     8.16075000     8.60000000    -8.60000000     3.72990000     8.60000000    -0.77165300  
   0.63882100     1.04303300     1.49186200    -1.43688200    -0.77165300     0.78586200     0.43157600    -1.78305300    -4.25456900     2.79671100     7.39848900    -9.20135600     2.90838200     5.27859100    -8.60000000    -2.76801500     8.60000000    -6.44761800     3.21334400    -2.06344600    -0.93476800  
   0.55985100     0.86385900     1.51971400    -1.22642800    -0.93476800     0.85851600     0.36959000    -3.12819400    -6.60732900     0.32301100     6.63240100    -5.37855700     2.36295200    -2.10706400    -8.60000000     4.82688700     8.60000000    -8.60000000     4.79420200     3.93663800    -1.10375000  
   0.49578600     0.72314600     1.51288500    -1.20244600    -1.10375000     0.97613400     0.47160200    -1.95551600    -5.17944500    -1.12851200     0.91034600    -5.45481900     2.31358300     3.54547500    -5.01355600     4.20726200     8.60000000     6.03062300    -7.29358100     1.24519900    -1.04536000  
   0.54170600     0.67258900     1.48542400    -1.04994900    -1.04536000     0.92011500     0.47053200     2.76685400    -0.71460400    -0.42693200     6.49900200     3.17361200    -3.01754400     0.50512000     6.75080700    -8.60000000    -6.64886700     6.90820100    -8.60000000    -5.19691000    -0.90424000  
   0.59283000     0.80464500     1.44394400    -1.16535600    -0.90424000     0.72690500     0.33711400     0.80316000     4.22049400    -2.56115600    -4.89411200     4.79813300    -6.45574200    -4.53455300     8.60000000    -8.60000000    -6.49003200     6.53945700    -8.60000000    -8.50758800    -0.74228500  
   0.60620000     0.95507000     1.35717700    -1.31782000    -0.74228500     0.53226100     0.13845000     0.01118900     5.34150400    -3.16971000    -4.92082900     5.10388000    -6.46162600    -6.91649200     8.60000000    -8.60000000    -6.11094700     4.34791300    -6.81913200    -5.50927700    -0.64172200  
   0.59264600     1.11568200     1.26529900    -1.45563200    -0.64172200     0.37809900    -0.01000400    -0.85675700     5.51834200    -3.40843600    -4.44642200     3.09033200    -5.10662500    -5.14300800     6.88705300    -8.60000000    -5.84027700     5.31798700     1.10473800     1.96438700    -0.56554500  
   0.57625600     1.26789200     1.15578800    -1.56715100    -0.56554500     0.40267400    -0.00732300    -0.67379500     4.84861800    -4.33701800    -3.92517200     3.29906000     0.84290100     0.36416400     8.60000000    -8.60000000    -4.87936400     1.73590900     2.55833700     4.85579700    -0.53044900  
   0.55065800     1.42668200     1.04512400    -1.67541900    -0.53044900     0.45796200     0.06893900    -1.09142400     5.50609800    -3.92405100    -3.42705600     0.96426100     1.87501900     2.54914400     8.60000000    -8.56514200    -8.56537700     0.69440700     0.72622800     8.60000000    -0.54129800  
   0.50611400     1.60212400     0.91752200    -1.84532900    -0.54129800     0.47575700     0.22113400    -1.69595800     5.80039900    -4.86544600    -6.02880500    -0.16682200     0.54251600     5.51581600     8.60000000    -8.08081600     3.03771600     0.82854700     1.92768500     6.56338000    -0.52086100  
   0.47346500     1.75374500     0.78663300    -1.80498900    -0.52086100     0.51297500     0.35827100    -1.08924200     5.24417600    -4.17077500     2.38833400     0.30970000     1.37652000     4.34465500     6.95231300    -8.36420500     8.60000000    -2.34866000    -8.60000000     8.11951000    -0.56325700  
   0.42839400     1.87338600     0.66387000    -1.62389200    -0.56325700     0.31943700     0.53629700    -1.81647600     3.64890600    -4.37787500     6.27618200    -1.87992800    -6.47505100     5.84595300     6.18625200    -8.60000000     8.60000000     7.16726200    -8.60000000     2.82922100    -0.45453500  
   0.39427600     1.97623300     0.48234000    -1.42652500    -0.45453500     0.12689700     0.57617900    -0.65888000     3.64865000    -6.16465400     6.45414700     4.48977700    -6.41690700     1.69722600    -8.26223100    -7.04583400     8.60000000     3.42904600    -8.60000000    -6.48238300    -0.38073400  
   0.32805700     1.89466200     0.29384900    -1.19661500    -0.38073400    -0.05808800     0.43404000    -2.67893100    -5.00615800    -6.17809400     7.00007600     2.17500500    -6.29764700    -4.88659700    -5.45517300    -5.59832500     8.43418300     6.06229100    -8.60000000    -2.38548400    -0.26834900  
   0.28416000     1.77126700     0.12045000    -0.99427600    -0.26834900    -0.24779900     0.43168100    -0.03517700    -3.78304800    -5.33192400     6.77756000     4.70259400    -6.31601300     0.59415200    -5.65419100    -8.50653600     8.60000000    -8.19553200     1.71063600    -6.19510500    -0.34366200  
   0.25185100     1.60006400     0.04078900    -0.81626900    -0.34366200    -0.21229700     0.42959300    -2.01771600    -6.43908100    -3.19130200     5.58532700    -3.64157700     1.16351400    -1.53224000    -2.15533500    -8.60000000     8.60000000    -0.22557300     5.24855600     0.92668600    -0.33759800  
   0.20570800     1.48171800    -0.11619300    -0.65457600    -0.33759800    -0.10040400     0.45876100    -1.30749100    -2.89321900    -5.75227400     5.99802500     0.55526600     3.84435000     2.64932100    -7.46718500     6.42159000    -5.35461800     6.74770600    -8.60000000     7.02985200    -0.32571500  
   0.23074000     1.46880900    -0.20194200    -0.68762400    -0.32571500    -0.27685800     0.56833200     2.58236500    -1.42267700    -1.19838600    -1.89612300     1.37358100    -6.08014900     3.99200600    -8.10460100     8.60000000     8.60000000    -8.60000000     4.25030400    -7.04708500    -0.50116100  
   0.34308100     1.27930000    -0.04819400    -0.49596000    -0.50116100    -0.18424000     0.54817800     4.02882200    -6.73424000     6.03887400     6.37950300    -6.38525800     3.16247300    -3.41127900    -8.60000000     8.60000000     8.60000000    -8.60000000     8.47893100    -8.60000000    -0.68026900  
   0.48220700     1.17708700     0.17276800    -0.33573200    -0.68026900    -0.08434500     0.38706100     4.90757800    -0.87923500     8.29023600     5.54390800    -5.22906900     2.86441800    -6.31315800    -8.60000000     8.58166100     6.04635700    -8.60000000     8.49956000    -8.60000000    -0.85788700  
   0.59092100     1.09617300     0.37707100    -0.17985300    -0.85788700     0.07180100     0.19614200     2.79741800    -3.94676700     6.06333700     5.41487900    -6.32396800     6.03579900    -6.40694500    -8.60000000     6.78917500    -6.22173200    -8.60000000     8.60000000    -8.60000000    -1.05279500  
   0.62314900     1.04139200     0.50107900    -0.23792300    -1.05279500     0.28021100     0.00337600     0.15801500    -2.33403300     3.85184700    -2.78764700    -6.61468600     6.58817100    -6.45076300    -8.60000000     6.30949600    -6.29652100    -8.60000000    -1.74243400     0.00875700    -1.25926700  
   0.59534800     0.96868900     0.59414300    -0.31033100    -1.25926700     0.26115300    -0.00018000    -1.55684800    -2.67682800     3.38602400    -3.13524100    -6.62030800    -1.19669100    -0.05179800    -8.60000000     7.92676900     1.04039000    -8.60000000    -4.60374600     1.78680400    -1.45270700  
   0.55781200     0.84160800     0.74367000    -0.27983200    -1.45270700     0.14345500     0.03822200    -1.38992700    -4.49128600     5.47228300     1.08369900    -6.16701100    -3.94222100     1.33667400    -8.60000000     6.91240300    -1.14035700    -8.60000000     5.23837500     5.35194800    -1.62807700  
   0.51158900     0.70119900     0.89694600    -0.31916500    -1.62807700     0.22448700     0.15867400    -1.78800300    -5.34232900     4.97942500    -1.08475800    -5.98626500     3.28607800     4.01480600    -8.60000000     7.98505000    -7.47366100    -7.65513300    -3.65077400     7.93678100    -1.79253000  
   0.45109400     0.57281100     1.06262200    -0.40334500    -1.79253000     0.28505500     0.33488900    -1.48469100    -4.59209400     6.67294800    -1.58894400    -4.86947000     4.69634700     5.99380900    -8.60000000     7.06115400    -4.72928100     3.39697600    -3.58996800     8.30345500    -1.72423400  
   0.41317600     0.46070100     1.19820100    -0.44589700    -1.72423400     0.31361200     0.51683200    -1.57618900    -3.75321500     4.16954400    -1.82755900     2.85312600    -0.07325500     6.13072300    -8.60000000     6.01127900    -0.96496400     5.23416400    -3.24705800    -2.54455600    -1.59822500  
   0.36111100     0.30925200     1.31251300    -0.44414400    -1.59822500     0.29908400     0.46082500    -1.80282200    -5.19166400     3.65144100     0.05265400     4.13999800    -0.56972300    -1.92452700    -8.60000000     3.86247200     2.70019300     5.10944600    -4.01796000    -1.93915900    -1.47141700  
   0.30769200     0.12057400     1.39369600    -0.38152000    -1.47141700     0.25505900     0.41797300    -1.64285600    -6.23571900     2.45718100     2.20894500     4.04647700    -1.70210800    -1.44848500    -6.28138300     3.32171300     7.22762600     4.96705600     2.96205100    -0.87302100    -1.34981100  
   0.27787700    -0.06340000     1.47784300    -0.25200900    -1.34981100     0.31312500     0.39904300    -0.49770200    -6.73397800     2.86562600     3.98774800     4.10008200     1.91752000    -0.62732700     0.54518700     1.19691000     5.83663900     5.88838100     7.25029000     2.74793000    -1.18996200  
   0.31176300    -0.15673700     1.55523500    -0.18297500    -1.18996200     0.46138600     0.46309800     2.18028800    -2.18054600     2.34544600     1.10868300     5.26995300     4.82759400     2.18568100     8.60000000    -1.15900000    -6.54967400     4.74123100    -2.43158900     6.46658200    -1.04573600  
   0.42026500    -0.04796600     1.57364500    -0.33249400    -1.04573600     0.50996400     0.61123900     4.32473700     5.01018500    -0.21440000    -5.37004600     4.09676900    -0.68016700     4.86447600     6.33622400    -8.09788400    -8.17446200     4.37351500    -7.59064600    -8.49342300    -0.91474200  
   0.51278700     0.07408600     1.45261300    -0.50912700    -0.91474200     0.39112600     0.42881900     2.64684500     3.93074200    -5.50245000    -6.41957700     3.69904000    -5.42605200    -6.28459100     6.73774300    -8.60000000    -8.34274600     4.86537800    -8.42733100    -8.60000000    -0.85505700  
   0.59471100     0.22693900     1.42573700    -0.69096000    -0.85505700     0.20482600     0.18886000     1.87264400     4.73958700    -2.25510100    -6.07486400     3.08292900    -6.28405200    -7.50355600     7.85021800    -8.60000000    -8.60000000     3.85600200    -5.75347200    -8.60000000    -0.76530900  
   0.65429900     0.40705300     1.34659600    -0.87950200    -0.76530900     0.07499600     0.07556400     3.08921400     8.22309400    -3.08843400    -5.24932500     5.54288000    -4.12260000     0.63476800     6.50370100    -8.60000000    -8.60000000     4.21987000     6.52813200    -8.13131400    -0.58366500  
   0.72486000     0.59759000     1.23376900    -1.05188500    -0.58366500     0.22168700     0.07730800     1.87854000     5.66192600    -3.92231200    -5.98018900     6.23433000     4.90359100    -0.43347800     7.08966400    -8.60000000    -6.83288900    -0.77109500     8.60000000    -7.81637700    -0.51714600  
   0.76042600     0.74543400     1.18256800    -1.20260000    -0.51714600     0.41238500    -0.00499500     0.50572700     4.73703700    -1.97329200    -4.97974200     1.69788100     6.36442800    -3.41902700     5.87876200    -8.60000000    -7.16360600    -4.77805700     8.59517500    -3.41749400    -0.55653700  
   0.73900300     0.85668200     1.11535200    -1.36086500    -0.55653700     0.60313100    -0.02191000    -1.25346500     3.75869400    -2.60239800    -5.20485100    -1.75996600     6.35084100    -0.47375800     6.34827200    -8.60000000    -7.46543600    -1.92767600     6.47448900     3.47627600    -0.57946600  
