3
1000
0.000000000	0.000000000	-0.829779953	-0.983835558
-0.026139975	-0.983835558	-4.076614052	-6.208643675
-0.212818316	-6.208643675	-1.032325258	-4.868126948
-0.496223869	-4.868126948	1.852195004	1.591954905
-0.574474964	1.591954905	-4.726124068	-2.349782413
-0.598404323	-2.349782413	0.586898284	2.187096522
-0.597780538	2.187096522	3.007445687	9.070923273
-0.306902331	9.070923273	1.923226157	11.261893735
0.215933554	11.261893735	-4.149557886	1.375810511
0.535906261	1.375810511	3.781425034	3.362828975
0.657787617	3.362828975	4.578895302	5.562891807
0.886087715	5.562891807	-1.844843690	-2.651910875
0.953855824	-2.651910875	-4.817117227	-13.688244987
0.533271940	-13.688244987	2.481656544	-9.805105840
-0.067932718	-9.805105840	-3.967739934	-12.669168617
-0.645053531	-12.669168617	-2.063858516	-9.629192428
-1.210135743	-9.629192428	-4.806330421	-9.863037766
-1.699008013	-9.863037766	-2.344533406	-6.678827492
-2.107790033	-6.678827492	0.741176055	0.013044077
-2.268443125	0.013044077	1.997583600	7.655987776
-2.076787990	7.655987776	1.944001577	15.474735305
-1.499103338	15.474735305	0.358964059	19.573861981
-0.610197455	19.573861981	4.445947560	24.668598137
0.526769104	24.668598137	-3.625252959	11.819851846
1.446581539	11.819851846	-1.023231630	3.062464983
1.814587482	3.062464983	-1.522341403	-5.303496993
1.752864375	-5.303496993	3.833060912	-4.873485291
1.498958596	-4.873485291	-1.511016580	-12.290974360
1.064003183	-12.290974360	-0.719088101	-15.958417628
0.342153081	-15.958417628	4.494892587	-7.610366828
-0.259650947	-7.610366828	-0.918631972	-5.556651003
-0.596088121	-5.556651003	0.736794867	0.055119009
-0.733330332	0.055119009	-1.733550982	1.206877185
-0.700699847	1.206877185	-1.427302400	2.425371787
-0.607487925	2.425371787	-4.841787572	-1.768978813
-0.595371434	-1.768978813	4.973228505	8.802598423
-0.410370069	8.802598423	4.325954630	15.066624963
0.204690948	15.066624963	2.554630526	14.119796578
0.950204606	14.119796578	2.115247586	10.170427436
1.560761191	10.170427436	-4.737890131	-3.848620452
1.710220444	-3.848620452	3.600279487	-3.903177754
1.516621094	-3.903177754	3.420308924	-4.155000972
1.314250263	-4.155000972	0.857592715	-7.835272753
1.009996570	-7.835272753	-4.813527106	-18.067540869
0.345337665	-18.067540869	3.071051956	-11.290945539
-0.405581416	-11.290945539	2.471216427	-2.872806356
-0.764260093	-2.872806356	-4.400823105	-4.476355642
-0.951836784	-4.476355642	-3.925058709	-4.490154477
-1.178896883	-4.490154477	0.597169821	2.520375931
-1.222943424	2.520375931	4.672763300	14.315048381
-0.791859854	14.315048381	-2.476742554	11.679783051
-0.127388617	11.679783051	0.813589273	10.679081818
0.446017531	10.679081818	-2.601522409	2.006114127
0.766712775	2.006114127	3.289808996	2.141711845
0.872361106	2.141711845	-4.299778563	-8.768810887
0.698459192	-8.768810887	0.688514371	-9.436697673
0.232137859	-9.436697673	0.797452192	-7.237155212
-0.195104391	-7.237155212	2.453344309	-0.772673518
-0.398003699	-0.772673518	-4.336651656	-4.374347610
-0.531190507	-4.374347610	-2.898259901	-4.503991068
-0.757974288	-4.503991068	-2.396849014	-2.923783248
-0.946326986	-2.923783248	1.394608809	4.315072511
-0.905225281	4.315072511	-2.367032295	4.450860048
-0.681900169	4.450860048	2.721780295	10.859473596
-0.287631916	10.859473596	-4.860484270	2.852010357
0.061275006	2.852010357	4.490163207	8.042397893
0.342877741	8.042397893	4.156063498	10.144296413
0.808615733	10.144296413	-0.140093329	3.737351555
1.158221674	3.737351555	4.261814267	3.866773659
1.349944763	3.866773659	4.632625284	4.288317319
1.554619619	4.288317319	-3.649208420	-7.563085761
1.465289527	-7.563085761	4.479702112	-5.724065362
1.131398952	-5.724065362	-3.238037444	-14.573933207
0.612090026	-14.573933207	3.094906921	-10.046316717
-0.017491970	-10.046316717	0.820141799	-6.268851455
-0.434605097	-6.268851455	4.053923187	3.344919446
-0.502685452	3.344919446	2.986035912	9.445064602
-0.172477592	9.445064602	0.991103076	9.457870922
0.312802942	9.457870922	-0.663236510	4.469164844
0.667270860	4.469164844	3.928887085	5.480979515
0.921098997	5.480979515	2.879292338	3.892873282
1.157985927	3.892873282	-0.798063200	-3.288919690
1.167515947	-3.288919690	-4.995979751	-15.251905471
0.692341038	-15.251905471	4.737835384	-8.656996064
0.082239907	-8.656996064	0.747115047	-5.856238304
-0.289247078	-5.856238304	0.868333407	-1.460916194
-0.475045490	-1.460916194	2.550821885	4.961922068
-0.381914404	4.961922068	-1.773190032	3.240697534
-0.172171695	3.240697534	-1.178972480	1.581683007
-0.049006010	1.581683007	-1.826160540	-1.129574630
-0.041509895	-1.129574630	4.738020779	5.942089993
0.085795619	5.942089993	-0.732989907	2.831607606
0.309745040	2.831607606	3.799982886	5.679966743
0.528899665	5.679966743	-2.297917380	-1.823580451
0.622545769	-1.823580451	0.277146463	-4.198088078
0.467627906	-4.198088078	2.331425253	-2.316775294
0.301393217	-2.316775294	0.688579907	-2.298048496
0.182996252	-2.298048496	-4.317906516	-8.758652975
-0.103391174	-8.758652975	4.828171137	0.899114690
-0.300295385	0.899114690	3.749616450	7.533262542
-0.081333757	7.533262542	-3.390285632	1.211904705
0.140760065	1.211904705	-2.749600422	-3.609103806
0.076357959	-3.609103806	4.163055535	2.746255952
0.059727525	2.746255952	-3.891086993	-3.728722290
0.028938688	-3.728722290	2.285856680	0.401189221
-0.053874745	0.401189221	3.516718749	5.418293910
0.097498739	5.418293910	-2.663338608	-0.357076216
0.224139246	-0.357076216	-0.228590130	-1.661834097
0.171821076	-1.661834097	0.440101188	-1.417934038
0.092852397	-1.417934038	2.515278171	1.915358861
0.109968552	1.915358861	2.852960282	4.705467700
0.280972235	4.705467700	3.729223764	7.199140555
0.586853043	7.199140555	4.498059914	8.868133496
0.996750635	8.868133496	-4.012565982	-3.379326681
1.127997188	-3.379326681	1.102408126	-6.323224114
0.880875036	-6.323224114	2.702387346	-5.479355162
0.580221679	-5.479355162	-2.429307012	-10.719749880
0.163105995	-10.719749880	2.965886780	-4.738593214
-0.231457779	-4.738593214	4.904717836	4.607015935
-0.228166383	4.607015935	4.013084363	10.358564431
0.158293700	10.358564431	1.366044000	8.889555631
0.650796512	8.889555631	-1.442948290	1.352810089
0.908763092	1.352810089	2.456371927	-0.099617481
0.939023946	-0.099617481	3.623462528	0.358275444
0.947776169	0.358275444	-3.113631990	-8.791391104
0.728777937	-8.791391104	4.897517077	-3.575228953
0.414564921	-3.575228953	-2.378269162	-8.276788848
0.108735322	-8.276788848	-4.430705616	-13.110503736
-0.442020593	-13.110503736	2.986042448	-3.427084315
-0.860392923	-3.427084315	0.934324495	2.999598958
-0.865779887	2.999598958	2.498583107	10.252305887
-0.524970046	10.252305887	4.594343211	17.205287899
0.182195994	17.205287899	2.093872512	15.282865135
1.011380441	15.282865135	-2.785672657	3.787287752
1.487432351	3.787287752	-0.713811713	-3.600952910
1.486372119	-3.600952910	3.029632374	-4.438111663
1.284109341	-4.438111663	-1.575458802	-11.565971162
0.876450082	-11.565971162	3.240098704	-8.850335421
0.355877009	-8.850335421	-4.216131001	-14.640523637
-0.249370429	-14.640523637	-0.414161863	-10.467082619
-0.889463515	-10.467082619	2.548614814	-0.231961800
-1.156609757	-0.231961800	-0.475951733	4.320940593
-1.050475143	4.320940593	-0.259960734	8.066279679
-0.734222689	8.066279679	4.046861603	15.846189889
-0.118964459	15.846189889	-3.743586189	7.345797982
0.472804569	7.345797982	0.386272826	3.526621951
0.749096814	3.526621951	2.959669419	2.974761008
0.914352716	2.974761008	-3.422699301	-7.113173787
0.802259676	-7.113173787	4.058094960	-3.804861188
0.524760400	-3.804861188	2.318004091	-2.330959285
0.368188654	-2.330959285	-2.501493198	-7.234943487
0.120886341	-7.234943487	3.126105880	-1.585087552
-0.103395983	-1.585087552	3.190891786	3.873027982
-0.039484282	3.873027982	0.336533450	3.471639031
0.148943413	3.471639031	-1.334433561	-0.252337263
0.229093353	-0.252337263	4.388864774	4.588172980
0.343177941	4.588172980	3.910189543	7.046210422
0.641914442	7.046210422	-1.740101882	-0.504010608
0.804793201	-0.504010608	1.902278682	-1.628400150
0.750033380	-1.628400150	-2.099031483	-8.066115534
0.499964509	-8.066115534	-1.885557859	-11.513887589
-0.003612504	-11.513887589	-0.735252115	-9.715056276
-0.547344746	-9.715056276	4.318611166	1.670738013
-0.747279460	1.670738013	4.202065143	11.111288380
-0.417025914	11.111288380	-2.726902637	6.820682754
0.041506296	6.820682754	1.070941620	6.337994960
0.378975428	6.337994960	-3.148696017	-1.860944013
0.489428837	-1.860944013	0.742190888	-2.885192019
0.367465487	-2.885192019	-2.711863290	-7.959597576
0.087260501	-7.959597576	0.190159841	-6.141704201
-0.274047147	-6.141704201	4.967534252	3.913722194
-0.324230738	3.913722194	4.759890683	11.433851899
0.072620866	11.433851899	-4.675736747	1.525588242
0.401225322	1.525588242	-0.482668513	-1.697776475
0.392523061	-1.697776475	-3.320167068	-8.048328540
0.140084873	-8.048328540	3.242378396	-2.155016764
-0.119619272	-2.155016764	-0.231176665	-1.092254592
-0.202560184	-1.092254592	-0.079281985	0.296807881
-0.220398901	0.296807881	-0.425950839	0.659777083
-0.195709762	0.659777083	2.582782605	5.094453528
-0.046272340	5.094453528	-2.797657738	0.018963807
0.082030247	0.018963807	2.548914571	2.966734470
0.159824892	2.966734470	-1.874986215	-1.322473248
0.197304167	-1.322473248	2.701499563	1.662119045
0.210228547	1.662119045	0.190823222	0.145062692
0.256010768	0.145062692	1.724698447	0.908231796
0.283326289	0.908231796	4.147886867	4.817505466
0.431620572	4.817505466	3.593178061	6.332068236
0.717257443	6.332068236	1.736984239	3.621860045
0.969468736	3.621860045	0.605299905	-1.113448803
1.030250126	-1.113448803	3.558283673	-0.543901491
0.988442048	-0.543901491	-2.103972538	-8.180981585
0.763745265	-8.180981585	3.076984091	-5.877676980
0.405251960	-5.877676980	2.672845084	-2.792832954
0.184059411	-2.792832954	2.444731531	0.462016225
0.126516413	0.462016225	-3.010520766	-4.477695155
0.020507618	-4.477695155	-4.733721153	-10.107872734
-0.356040384	-10.107872734	2.997765369	-1.408224089
-0.647309698	-1.408224089	-2.923743382	-1.633561589
-0.725025743	-1.633561589	0.538846111	3.265584471
-0.678485661	3.265584471	-0.646940424	5.077439540
-0.464496306	5.077439540	-0.219686920	6.001713378
-0.180066599	6.001713378	-3.401663497	0.581335600
-0.013147251	0.581335600	-0.957980942	-0.793760715
-0.022188544	-0.793760715	-3.112549331	-4.708991280
-0.164988905	-4.708991280	-2.892676079	-6.622693105
-0.456318392	-6.622693105	1.382187106	-0.477923780
-0.635520667	-0.477923780	2.316064712	6.200343865
-0.485665265	6.200343865	2.821818168	11.330087434
-0.034046377	11.330087434	-3.077499832	4.322380604
0.364935784	4.322380604	-4.198963562	-4.645330256
0.350147791	-4.645330256	0.306974385	-4.913141442
0.104784619	-4.913141442	-2.935459411	-8.353951865
-0.237176012	-8.353951865	-2.384504482	-8.365610746
-0.665286504	-8.365610746	2.875518397	1.175125796
-0.843811343	1.175125796	-3.228388356	0.409629509
-0.803761075	0.409629509	2.871162897	8.446318130
-0.574757153	8.446318130	2.400775432	12.950823121
-0.024402217	12.950823121	-2.833827917	5.875284305
0.455841273	5.875284305	-3.234509657	-2.584221488
0.533740313	-2.584221488	3.602369974	0.381018511
0.479523479	0.381018511	2.587469310	1.137532694
0.518680428	1.137532694	-2.219149514	-4.963513730
0.417398791	-4.963513730	0.166887829	-5.731547341
0.142782220	-5.731547341	-1.251240565	-6.797630052
-0.179329760	-6.797630052	1.132112115	-2.407809194
-0.413698778	-2.407809194	-4.968871422	-6.490616792
-0.642943327	-6.490616792	-2.606842926	-5.309757956
-0.943031529	-5.309757956	-1.979032687	-2.361757186
-1.136258596	-2.361757186	-2.132883504	0.387025779
-1.184089835	0.387025779	1.138710897	7.251243536
-0.988229905	7.251243536	-0.558828930	9.769791389
-0.553617717	9.769791389	-1.543011788	8.229125321
-0.092736225	8.229125321	-0.327541761	6.184580582
0.276503153	6.184580582	3.773604747	8.450059569
0.652074672	8.450059569	-0.430342994	2.460321731
0.927611785	2.460321731	-0.670184930	-3.578737500
0.893883066	-3.578737500	2.667745872	-3.373996153
0.716907800	-3.373996153	3.428998402	-1.342837170
0.597242890	-1.342837170	4.427625754	2.007781248
0.618562253	2.007781248	3.479393924	3.046929823
0.747972564	3.046929823	0.402609404	-1.008673782
0.796321493	-1.008673782	3.379779620	0.098012870
0.774566344	0.098012870	-4.222854297	-9.891719339
0.519740371	-9.891719339	-4.910608976	-17.349457869
-0.182076268	-17.349457869	-0.601691858	-13.235743088
-0.962067125	-13.235743088	-0.221379956	-6.546981617
-1.458508688	-6.546981617	3.959699670	6.033239468
-1.463691349	6.033239468	-0.814219742	9.806798554
-1.063182353	9.806798554	0.057420175	13.018191399
-0.480506454	13.018191399	-2.057843118	9.600033737
0.098564720	9.600033737	-4.859077058	-0.264279125
0.333243876	-0.264279125	0.070799233	-1.767376860
0.280561614	-1.767376860	2.778484769	1.035461905
0.265929164	1.035461905	-3.202057023	-5.096149869
0.158367775	-5.096149869	-0.913627750	-5.915764048
-0.124695891	-5.915764048	4.752223424	2.955824939
-0.194170553	2.955824939	1.363061259	5.113779254
0.013844530	5.113779254	1.195867394	5.351627831
0.282573391	5.351627831	-0.670614913	1.385188731
0.453693559	1.385188731	1.973688756	1.177423696
0.519208436	1.177423696	-2.047112056	-4.688074555
0.426094266	-4.688074555	3.553564126	-0.726148912
0.288827769	-0.726148912	0.853484589	-0.762408961
0.250628236	-0.762408961	4.218683055	3.830411933
0.332092068	3.830411933	1.824537098	3.511297242
0.520025163	3.511297242	-0.832760376	-1.316128625
0.571254294	-1.316128625	2.797442955	0.036214101
0.540067242	0.036214101	-3.554022792	-7.849695052
0.335963268	-7.849695052	1.884973179	-5.052781748
0.005883046	-5.052781748	-2.727024591	-7.602946444
-0.319952442	-7.602946444	-1.446920884	-6.002305603
-0.667513700	-6.002305603	2.073166027	1.864259969
-0.767981269	1.864259969	-3.300592858	0.547998390
-0.706975391	0.547998390	3.753327264	9.387609594
-0.449660977	9.387609594	-0.710676660	8.550746229
0.010274827	8.550746229	-1.575593589	4.069187364
0.332423398	4.069187364	3.003322458	5.389213307
0.575137497	5.389213307	-3.545343897	-3.993283330
0.604151684	-3.993283330	3.596509536	-1.050205771
0.476267597	-1.050205771	-3.752486999	-8.616787717
0.225579215	-8.616787717	4.482991741	-1.311073042
-0.026481695	-1.311073042	0.656621125	0.254859948
-0.051966290	0.254859948	0.992697557	1.694705685
-0.001348235	1.694705685	0.793605403	2.228773952
0.099601715	2.228773952	4.913465087	7.950187093
0.363009955	7.950187093	-0.772473384	2.867260520
0.637838162	2.867260520	-4.520074360	-7.623982083
0.509198734	-7.623982083	2.035193311	-5.623596545
0.170339552	-5.623596545	-3.118057400	-9.535309372
-0.220381901	-9.535309372	2.953011674	-1.715478259
-0.505675469	-1.715478259	-4.715091505	-5.123640159
-0.681805985	-5.123640159	-2.707949727	-4.182403428
-0.918433024	-4.182403428	-0.302109599	0.926372483
-0.998099800	0.926372483	2.744101333	9.458561922
-0.730813146	9.458561922	-1.450471489	9.049063576
-0.257329287	9.049063576	-4.564657362	1.708142971
0.015994472	1.708142971	0.167063598	1.246162162
0.091672512	1.246162162	1.309592003	2.089010706
0.177618441	2.089010706	-0.481637506	-0.263626154
0.222523958	-0.263626154	-0.051569158	-1.327882299
0.181268408	-1.327882299	-1.306000744	-3.705543234
0.051126921	-3.705543234	-0.229870056	-3.257047351
-0.127476507	-3.257047351	0.276187723	-1.174339677
-0.240402761	-1.174339677	-4.279879648	-5.446882676
-0.411841973	-5.446882676	-2.088460594	-4.760452869
-0.672644426	-4.760452869	-3.906170858	-5.664124667
-0.938455042	-5.664124667	-3.563930021	-5.005331694
-1.208319348	-5.005331694	2.969622520	5.563932966
-1.187245848	5.563932966	-2.097020029	6.871374770
-0.871615006	6.871374770	-1.013409401	8.309366039
-0.483630391	8.309366039	-4.290815995	2.793131268
-0.201104638	2.793131268	-3.862036436	-2.235147353
-0.191791353	-2.235147353	-1.789736858	-2.976214570
-0.325773924	-2.976214570	3.344865140	4.260860351
-0.286986731	4.260860351	-4.602712933	-1.677160199
-0.226053591	-1.677160199	-1.508325870	-1.951768681
-0.319249545	-1.951768681	0.396491101	0.876776080
-0.342660323	0.876776080	3.770343893	7.781338797
-0.117856759	7.781338797	-1.716386099	3.999775695
0.183165979	3.999775695	1.714291711	4.285005493
0.395766139	4.285005493	3.701917462	6.242223177
0.665834133	6.242223177	0.715420927	2.265614695
0.881052721	2.265614695	3.741259356	2.588200445
1.004431443	2.588200445	-2.161981651	-5.904455523
0.914044638	-5.904455523	0.546673108	-8.395374891
0.548494213	-8.395374891	1.687966059	-6.929708692
0.156225620	-6.929708692	-1.741900334	-8.497447283
-0.240467475	-8.497447283	2.626320954	-1.265128101
-0.487855049	-1.265128101	-4.585249204	-4.666016621
-0.640840245	-4.666016621	1.938554114	2.553525047
-0.688942722	2.553525047	2.677889777	9.340649217
-0.382153945	9.340649217	-3.652068820	3.940401473
-0.043426093	3.940401473	-4.476870536	-3.127531736
-0.028354595	-3.127531736	1.174610120	-0.354235298
-0.116676511	-0.354235298	-0.459409439	-0.046299664
-0.126840037	-0.046299664	1.562015477	2.733279499
-0.055784546	2.733279499	-4.490876165	-3.933010772
-0.092226304	-3.933010772	-0.783421140	-3.408346744
-0.280439323	-3.408346744	-0.268880471	-1.226442318
-0.398416298	-1.226442318	3.414221568	5.976985944
-0.272862576	5.976985944	-2.605889559	2.225067588
-0.063782755	2.225067588	1.139340024	3.487384718
0.083388061	3.487384718	3.978507177	7.678890917
0.371536611	7.678890917	4.408279632	10.080701927
0.826322874	10.080701927	3.704248568	9.290297295
1.316418746	9.290297295	2.323748992	5.763000447
1.691999464	5.763000447	3.146191813	3.935850129
1.932252235	3.935850129	3.424458100	3.097272405
2.105783339	3.097272405	-2.517092710	-6.115437936
2.024997803	-6.115437936	-0.783340652	-12.349310055
1.563890413	-12.349310055	-2.966191672	-20.927164805
0.720077114	-20.927164805	-0.132492552	-20.148745364
-0.333054021	-20.148745364	1.248212942	-12.171123157
-1.153405276	-12.171123157	3.837555082	0.707330881
-1.435978907	0.707330881	-2.729988348	2.270115592
-1.360624440	2.270115592	-3.685843395	2.129053595
-1.249931773	2.129053595	1.021836539	8.720691078
-0.973088855	8.720691078	0.956250981	13.064404690
-0.415709619	13.064404690	-4.408227928	5.919521798
0.068750294	5.919521798	0.346790572	4.452663929
0.334353587	4.452663929	-4.926810307	-5.422220035
0.302631634	-5.422220035	0.883673329	-4.422898912
0.050330828	-4.422898912	3.225781525	1.085245971
-0.032208842	1.085245971	-3.770452284	-4.174116351
-0.114549732	-4.174116351	-3.732642909	-7.686416785
-0.420166393	-7.686416785	-2.998178836	-7.819320888
-0.816341920	-7.819320888	-1.966543283	-4.846212674
-1.136525443	-4.846212674	0.820299763	2.454454332
-1.191156786	2.454454332	0.071194235	7.449120849
-0.938539468	7.449120849	-2.358623558	7.124454160
-0.567190803	7.124454160	-2.555520006	4.801880614
-0.262547541	4.801880614	-4.280527798	-1.089357482
-0.170581084	-1.089357482	3.061631630	4.317960668
-0.084613861	4.317960668	-0.183037170	3.330890611
0.111404436	3.330890611	-0.512627412	0.984261005
0.221254395	0.984261005	1.971485288	2.103529210
0.300903688	2.103529210	2.608024563	3.449179395
0.443742944	3.449179395	-2.662313074	-3.538019021
0.435728464	-3.538019021	-1.794353460	-7.529937930
0.150347814	-7.529937930	2.600017523	-2.730981080
-0.111258612	-2.730981080	-3.849649879	-6.753226721
-0.356174138	-6.753226721	3.207464986	1.501703763
-0.486456715	1.501703763	-0.088900387	3.524781116
-0.356920611	3.524781116	-0.383979191	3.975152416
-0.164346142	3.975152416	2.293976983	7.056121928
0.120088468	7.056121928	3.434941261	9.473431114
0.544805083	9.473431114	1.570654246	6.643361307
0.954481357	6.643361307	0.295466105	0.985125190
1.145513651	0.985125190	3.709456092	0.695654306
1.187862618	0.695654306	1.830743663	-2.079551204
1.149862519	-2.079551204	3.785878632	-1.369819983
1.062863900	-1.369819983	1.671187887	-3.616965813
0.935550449	-3.616965813	1.353709615	-5.473699921
0.703431147	-5.473699921	1.282395971	-6.027599064
0.409112833	-6.027599064	-3.021672154	-11.058951314
-0.031284361	-11.058951314	4.919450119	-1.114476702
-0.339813965	-1.114476702	0.188042507	1.268204329
-0.331903738	1.268204329	-1.296943062	0.785811829
-0.279413402	0.785811829	-0.860801543	0.745983880
-0.240131317	0.745983880	-3.507639677	-2.884943529
-0.297401243	-2.884943529	0.609487551	0.490439867
-0.356461223	0.490439867	-0.800064480	1.026442497
-0.317363504	1.026442497	-4.777284885	-4.059035126
-0.398065300	-4.059035126	1.857568992	1.742555480
-0.452101733	1.742555480	-3.772278706	-1.479023642
-0.449640206	-1.479023642	0.834063146	2.491007536
-0.419146619	2.491007536	-2.965661756	-0.139104515
-0.360917448	-0.139104515	2.002894376	4.600621377
-0.243683710	4.600621377	-0.041736029	4.657678432
-0.005987011	4.657678432	4.247408135	9.470329746
0.358486317	9.470329746	-2.455618977	1.671189964
0.640537228	1.671189964	-2.024252847	-4.858005484
0.555610299	-4.858005484	-3.818073707	-12.091532764
0.118373474	-12.091532764	0.905205476	-8.489744208
-0.408443779	-8.489744208	1.383553207	-2.192166634
-0.679163590	-2.192166634	3.805385976	7.187792284
-0.546969853	7.187792284	-2.461113791	4.879052688
-0.238650830	4.879052688	-1.178993575	3.221180681
-0.031350232	3.221180681	-4.206584170	-3.291999482
-0.038746351	-3.291999482	1.150157250	-0.456519939
-0.133890020	-0.456519939	1.783769723	2.773901732
-0.072151316	2.773901732	-3.251034910	-2.112114332
-0.060114140	-2.112114332	4.825897893	5.552318813
0.034244625	5.552318813	2.802245797	7.871286009
0.379614226	7.871286009	-0.162730488	3.600476196
0.671404717	3.600476196	-3.997653569	-6.442784705
0.591937539	-6.442784705	1.043068437	-6.564793566
0.258712882	-6.564793566	-1.070270021	-7.841498727
-0.111641059	-7.841498727	-1.061159921	-6.730227319
-0.484889909	-6.730227319	-3.638868458	-7.679605316
-0.853096930	-7.679605316	-2.820310699	-5.868047076
-1.195749877	-5.868047076	0.988208906	1.932307781
-1.288998212	1.932307781	2.005330726	10.090152958
-0.982116780	10.090152958	-3.325581425	8.030799465
-0.520983236	8.030799465	1.605983559	11.202622479
-0.026488184	11.202622479	0.028243835	8.624748124
0.481172814	8.624748124	0.379877201	4.505650939
0.814825613	4.505650939	0.367683219	-0.202668884
0.921420507	-0.202668884	1.784824540	-2.006205518
0.864586302	-2.006205518	-1.419200860	-7.892843246
0.609995472	-7.892843246	0.968885249	-7.894473775
0.205551076	-7.894473775	2.396119625	-3.617610429
-0.088370890	-3.617610429	0.182815803	-1.806551390
-0.226899221	-1.806551390	2.679628783	3.671139743
-0.173878115	3.671139743	3.009945558	7.897825182
0.124802949	7.897825182	-4.252685550	-0.862403725
0.300899870	-0.862403725	2.650051483	1.368316519
0.317786490	1.368316519	3.960434916	4.722818032
0.475170988	4.722818032	-4.294579553	-5.039433152
0.460260674	-5.039433152	4.718200730	0.443478379
0.345633031	0.443478379	1.851729969	0.832185422
0.378482291	0.832185422	-1.463522129	-3.385924648
0.310397304	-3.385924648	2.256425455	-0.935515660
0.200474291	-0.935515660	3.846818943	3.444123631
0.267533030	3.444123631	2.965585875	5.186680442
0.489403241	5.186680442	4.281090785	7.346734895
0.810298213	7.346734895	4.519351676	8.214138474
1.205192206	8.214138474	-1.272511979	-0.461417207
1.395999086	-0.461417207	1.052128951	-4.501726300
1.269654302	-4.501726300	-1.657235950	-11.700352499
0.856794221	-11.700352499	0.268518759	-13.121913356
0.221486588	-13.121913356	4.332023382	-4.972228464
-0.239899129	-4.972228464	4.573949263	4.072503294
-0.256421071	4.072503294	-4.424164944	-1.738841337
-0.201845339	-1.738841337	-4.443015873	-6.330303740
-0.410569981	-6.330303740	4.536770185	3.868025057
-0.466628020	3.868025057	0.030051951	5.432046647
-0.227620046	5.432046647	2.580616581	8.947147127
0.142921315	8.947147127	3.905068324	11.508620392
0.667953391	11.508620392	-3.984185241	-0.222072833
0.949668688	-0.222072833	-2.153760310	-7.847731123
0.741495321	-7.847731123	4.225044973	-3.859223588
0.443779074	-3.859223588	1.319949505	-3.371948364
0.258595282	-3.371948364	-3.400812114	-8.706921012
-0.053554343	-8.706921012	-3.346815095	-10.996459713
-0.559673721	-10.996459713	0.738028692	-4.469878181
-0.951251237	-4.469878181	1.296079567	2.974681692
-0.983328882	2.974681692	3.632264817	12.355300656
-0.589406468	12.355300656	-2.471585179	9.097735552
-0.040604303	9.097735552	-4.898275437	0.033469409
0.190314421	0.033469409	-2.216718692	-4.037877256
0.084952034	-4.037877256	-2.303452988	-6.664629469
-0.190860959	-6.664629469	2.025230340	-0.963092078
-0.384274481	-0.963092078	-1.466056530	-0.478984309
-0.421036158	-0.478984309	4.370803848	8.047529311
-0.222716195	8.047529311	-3.146194754	2.763410068
0.052804286	2.763410068	-2.164554864	-1.285595480
0.086117407	-1.285595480	-3.147107606	-5.756130520
-0.096427274	-5.756130520	4.473759180	2.522204742
-0.173172694	2.522204742	1.449416725	4.783561425
0.015277704	4.783561425	-3.568102183	-1.595515950
0.092625508	-1.595515950	-0.661601728	-2.486668083
-0.012538552	-2.486668083	-0.348660565	-2.124312957
-0.130788996	-2.124312957	-1.085696370	-2.225645323
-0.242472562	-2.225645323	4.898834533	6.468392099
-0.129234713	6.468392099	-2.690114407	1.664807518
0.077740550	1.664807518	4.351531155	6.833988064
0.297874623	6.833988064	4.477640661	9.868121768
0.726417936	9.868121768	-0.319504451	3.514566953
1.064039806	3.514566953	-4.852179133	-9.244466868
0.910922648	-9.244466868	1.744988442	-9.320152202
0.437063563	-9.320152202	2.802023371	-5.444193983
0.059774760	-5.444193983	-2.076862380	-7.281812627
-0.267645809	-7.281812627	3.699761803	1.328745973
-0.415879999	1.328745973	-3.795991231	-2.026542991
-0.438096746	-2.026542991	4.071090552	6.504771445
-0.319065768	6.504771445	-4.728411707	-0.097242478
-0.158231892	-0.097242478	3.684881163	5.901179981
-0.005904685	5.901179981	3.974982823	10.042822819
0.404859148	10.042822819	0.061311288	5.535410615
0.801127038	5.535410615	0.203136359	0.417685823
0.950515248	0.417685823	3.248585624	0.098066666
0.963485800	0.098066666	4.698705703	1.907010188
1.015043202	1.907010188	0.812353423	-2.159770367
1.004082853	-2.159770367	-4.164657929	-12.545291273
0.625917501	-12.545291273	2.651839567	-9.184541871
0.070216591	-9.184541871	-3.921860992	-12.871924549
-0.497125998	-12.871924549	-0.902687389	-8.650358255
-1.043752062	-8.650358255	1.721444097	0.454999876
-1.246315737	0.454999876	4.498463889	12.390799297
-0.916842092	12.390799297	-0.937115723	12.994368241
-0.267940308	12.994368241	-1.855827776	8.672066408
0.286611129	8.672066408	3.786609763	10.387719228
0.774816583	10.387719228	4.410132668	10.739966817
1.310200657	10.739966817	-3.162605881	-1.126800972
1.545796545	-1.126800972	3.922739293	-0.935605409
1.494238269	-0.935605409	4.814104658	0.400303734
1.484303106	0.400303734	-3.307858153	-10.354612768
1.229188995	-10.354612768	-1.883860865	-16.731816540
0.538424737	-16.731816540	1.508312567	-13.570247966
-0.237910320	-13.570247966	1.604577276	-6.749944203
-0.755151266	-6.749944203	4.666124926	5.298267364
-0.784476854	5.298267364	-1.889869321	5.401095145
-0.511215525	5.401095145	-2.635303487	3.050237230
-0.295576622	3.050237230	2.918638756	7.980094402
-0.010551723	7.980094402	4.007422151	11.728065281
0.496497248	11.728065281	0.534337062	7.179428640
0.976701844	7.179428640	3.542379729	6.171930394
1.313740193	6.171930394	-1.708539982	-2.901196833
1.389534354	-2.901196833	0.942908536	-6.782607157
1.144107930	-6.782607157	-2.518885359	-14.440602382
0.601723543	-14.440602382	-4.334291969	-20.490228531
-0.296734996	-20.490228531	1.254353783	-12.591622778
-1.136917619	-12.591622778	-1.288528155	-7.318897837
-1.634931089	-7.318897837	4.424988742	5.983989342
-1.660298089	5.983989342	4.394188709	17.721242466
-1.060421847	17.721242466	-2.882786652	15.069777122
-0.224199343	15.069777122	1.316207453	14.567965248
0.536081169	14.567965248	-1.097352954	6.978337325
1.081541520	6.978337325	0.874200192	1.816804443
1.301561493	1.816804443	-3.947374733	-9.797907334
1.094870948	-9.797907334	2.783008901	-9.034962121
0.616080120	-9.034962121	3.790664014	-4.779189823
0.263906078	-4.779189823	4.762382646	1.634156659
0.188740607	1.634156659	-1.887039175	-2.458550034
0.162944973	-2.458550034	3.599985916	2.262529123
0.162794457	2.262529123	-2.421070156	-2.589757226
0.149463623	-2.589757226	4.854449149	4.028211396
0.192003874	4.028211396	0.655542354	2.743852006
0.365209564	2.743852006	-1.731693151	-2.417794800
0.368516094	-2.417794800	2.996608375	0.513111431
0.321843971	0.513111431	2.769841920	2.328818798
0.395397349	2.328818798	0.153936931	-0.352668530
0.443955320	-0.352668530	-4.717573798	-9.281775471
0.193506634	-9.281775471	-1.090812885	-9.593388725
-0.291194150	-9.593388725	-3.220276645	-10.281870404
-0.799736786	-10.281870404	-2.091938450	-7.161828474
-1.240627918	-7.161828474	0.353808917	0.071339229
-1.415207588	0.071339229	4.978842782	13.116870090
-1.078054319	13.116870090	-4.584257661	9.042151463
-0.515207478	9.042151463	2.345850141	13.008473293
0.051975157	13.008473293	-4.488890962	3.131658894
0.462107244	3.131658894	0.519950272	0.422451262
0.552005361	0.422451262	1.021466271	-1.108938986
0.531831488	-1.108938986	-1.993677115	-6.436793502
0.336536721	-6.436793502	-4.581224297	-13.192365446
-0.169957207	-13.192365446	-1.046495262	-10.610486155
-0.778148448	-10.610486155	1.475529858	-2.267652620
-1.101847680	-2.267652620	-3.018007707	-0.878683906
-1.180845535	-0.878683906	2.131639732	7.661339544
-1.005060949	7.661339544	2.189394881	14.130960837
-0.447046317	14.130960837	3.476267092	18.170502184
0.383534986	18.170502184	-0.834332710	10.938665486
1.122315736	10.938665486	3.635929549	9.366233876
1.631854571	9.366233876	3.754038623	8.234721496
2.068270572	8.234721496	2.485203201	6.395364074
2.427410966	6.395364074	3.367520499	7.565752481
2.769227742	7.565752481	3.498718814	11.020909490
3.223465455	11.020909490	0.360025748	12.531344284
3.798862618	12.531344284	-0.792868010	14.996632871
4.478336815	14.996632871	-1.663897712	16.784202706
5.276861708	16.784202706	4.003400045	23.939657257
6.321157551	23.939657257	-2.644780434	14.522955853
7.300636817	14.522955853	2.240848449	10.617850867
7.931403520	10.617850867	0.846916130	5.012321917
8.317232853	5.012321917	1.154770711	0.959677501
8.463034368	0.959677501	-2.487968167	-7.793614606
8.290288487	-7.793614606	-4.964452395	-20.229695109
7.587121792	-20.229695109	0.437874917	-21.612897830
6.520991474	-21.612897830	4.138438752	-11.925239249
5.664524177	-11.925239249	2.701321876	-2.139463051
5.310230025	-2.139463051	-4.050439302	-2.638279036
5.188961299	-2.638279036	1.494668080	5.152085519
5.258558961	5.152085519	1.575214077	11.304592822
5.679765759	11.304592822	1.196819921	13.598214181
6.319213322	13.598214181	3.747476199	15.506687548
7.065391818	15.506687548	0.657321466	9.569731009
7.697353445	9.569731009	3.455176755	7.739063120
8.128665591	7.739063120	-4.624161485	-5.578953495
8.174349189	-5.578953495	-4.558452040	-17.667407749
7.589521989	-17.667407749	-3.030519611	-24.564116232
6.511585841	-24.564116232	-2.690100513	-24.043036255
5.267514185	-24.043036255	2.668623763	-11.905239195
4.371583162	-11.905239195	1.669425432	-3.067260424
4.005534028	-3.067260424	1.585680416	4.075476105
4.035824571	4.075476105	1.028653375	10.256359433
4.391853652	10.256359433	-0.337335258	14.584947727
5.014200432	14.584947727	2.259588458	20.840214897
5.917907947	20.840214897	4.460550298	24.352393370
7.077981888	24.352393370	4.695380121	23.488343742
8.278857714	23.488343742	-3.826230797	11.906390484
9.142208919	11.906390484	4.984135586	18.553800566
9.886989250	18.553800566	-3.114223965	16.671618261
10.753073558	16.671618261	0.952697807	22.097858452
11.730167937	22.097858452	0.738855269	22.540836919
12.874492530	22.540836919	-3.860342385	10.432546033
13.710008245	10.432546033	0.586764111	4.323743193
14.078813266	4.323743193	-4.246891274	-8.417425212
13.968510580	-8.417425212	-0.745965344	-13.998305710
13.399686138	-13.998305710	3.699107733	-9.892945088
12.790108251	-9.892945088	1.826980429	-6.071776337
12.381696440	-6.071776337	-3.279226682	-8.133489723
12.016813957	-8.133489723	3.001396844	1.048489769
11.840474588	1.048489769	-0.711993071	3.444694163
11.956089002	3.444694163	4.354201140	12.045802307
12.356147117	12.045802307	4.806990364	17.138254541
13.106970625	17.138254541	-0.364429090	10.178001639
13.798395816	10.178001639	-2.152537914	-0.058997504
14.047772599	-0.058997504	1.813597549	-3.097534237
13.967464426	-3.097534237	2.986203083	-3.949780407
13.789774708	-3.949780407	-2.950778542	-12.996214378
13.356864251	-12.996214378	0.417990728	-13.589527478
12.676014024	-13.589527478	3.398407102	-6.036545454
12.175245197	-6.036545454	3.778014186	2.910268305
12.101691429	2.910268305	1.065443483	6.158102295
12.335400557	6.158102295	1.812041841	8.428783229
12.710792535	8.428783229	-3.697578324	0.195568506
12.928830800	0.195568506	-1.588531767	-3.972809609
12.829372794	-3.972809609	4.642243248	2.090299639
12.786474791	2.090299639	0.230085317	0.477699389
12.851732736	0.477699389	-1.079341311	-2.603517183
12.795014248	-2.603517183	-2.595156752	-6.796027196
12.552084312	-6.796027196	3.641440948	0.219658222
12.386997306	0.219658222	2.367109577	4.355020458
12.506039421	4.355020458	-3.158724438	-0.984560555
12.589486806	-0.984560555	4.467282696	5.297691447
12.703657202	5.297691447	1.085654370	4.646200435
12.958487402	4.646200435	0.329225590	1.695743798
13.119695648	1.695743798	0.098983781	-1.502638375
13.120363693	-1.502638375	3.028664864	0.306729783
13.091494257	0.306729783	-4.329105397	-8.671472890
12.872803908	-8.671472890	0.987889179	-6.798387492
12.476396339	-6.798387492	4.581887417	1.988481964
12.357370467	1.988481964	4.828807859	9.397148249
12.652556318	9.397148249	1.792129502	9.129906997
13.127442280	9.129906997	-3.946153273	-1.664250856
13.312819027	-1.664250856	1.407827045	-3.025809151
13.192609008	-3.025809151	-2.678999782	-9.401551166
12.872042513	-9.401551166	-4.704712551	-15.480133847
12.230963402	-15.480133847	-0.738692196	-11.225861432
11.551210301	-11.225861432	-4.274844720	-10.722271281
10.998744455	-10.722271281	-2.515757537	-7.541233866
10.546060921	-7.541233866	3.539724149	3.637531317
10.456763814	3.637531317	-3.135073117	3.826005922
10.641329026	3.826005922	0.394908909	9.749419720
10.981175711	9.749419720	-3.254988124	9.610272077
11.468021447	9.610272077	3.514389069	17.985389728
12.174334922	17.985389728	-4.672428003	9.201807033
12.868799817	9.201807033	-0.864082822	4.029576712
13.205478758	4.029576712	-0.755625338	-1.348021152
13.268810939	-1.348021152	-3.972434361	-10.313566774
12.967224181	-10.313566774	-0.757076257	-11.085636588
12.417673460	-11.085636588	1.724207726	-5.072818729
12.005888525	-5.072818729	-0.308655602	-1.188691838
11.847485629	-1.188691838	-2.739047976	-0.876449838
11.794956918	-0.876449838	0.006195729	3.166817405
11.855879573	3.166817405	-0.281809373	5.677365576
12.082856709	5.677365576	-2.165375676	3.789015200
12.324776850	3.789015200	-2.212415913	0.923545994
12.444624673	0.923545994	1.027867622	2.658426329
12.537266068	2.658426329	1.811114705	4.580945567
12.723889485	4.580945567	2.811954007	6.448355359
13.007473249	6.448355359	3.811683184	7.904647331
13.374694796	7.904647331	-2.222872675	-1.145422408
13.541965532	-1.145422408	2.333660945	-2.176550052
13.457203016	-2.176550052	3.035946264	-1.689295035
13.359012809	-1.689295035	1.489822226	-3.130101963
13.235569369	-3.130101963	-0.486381388	-6.552964759
12.986620906	-6.552964759	2.071876098	-4.256016289
12.710257427	-4.256016289	4.076446461	1.738868877
12.651015826	1.738868877	-4.125272378	-4.913893323
12.564880013	-4.913893323	-0.764899469	-4.651893614
12.319414361	-4.651893614	-0.037638610	-2.044855135
12.148732380	-2.044855135	-0.716676020	-0.076641160
12.095163117	-0.076641160	-1.797933457	0.042337960
12.095340867	0.042337960	1.114994767	4.028519159
12.201155172	4.028519159	1.532580520	7.146667299
12.489099048	7.146667299	-0.564961581	4.922844638
12.798107938	4.922844638	-4.373801980	-3.779727964
12.821006718	-3.779727964	-3.971816325	-9.813043745
12.469707324	-9.813043745	1.211491897	-5.092723394
12.089281771	-5.092723394	1.246236072	0.601734887
11.977638019	0.601734887	-2.964396223	-0.530377086
11.975989461	-0.530377086	-4.813189940	-3.918973033
11.861048551	-3.918973033	1.383433300	2.633579482
11.833823114	2.633579482	-1.070400974	4.222584176
12.009517572	4.222584176	-0.211765988	5.840353366
12.267885147	5.840353366	-1.375346827	4.020238257
12.520272315	4.020238257	-1.064165857	1.624514126
12.664285455	1.624514126	-2.255258872	-2.476684757
12.637763895	-2.476684757	0.550867665	-1.313756497
12.540884975	-1.313756497	2.327698533	2.405174390
12.573405042	2.405174390	-2.610900451	-1.936256256
12.580701211	-1.936256256	-2.827802496	-5.391065436
12.391230457	-5.391065436	2.165880468	0.101006545
12.258667599	0.101006545	2.541750255	5.233387055
12.397511976	5.233387055	0.279654842	5.176952187
12.664788446	5.176952187	-0.327614337	2.748196564
12.867227151	2.748196564	2.311376032	3.527572596
13.028362687	3.527572596	-4.702170559	-6.495435938
12.945443431	-6.495435938	-4.951279520	-14.004845251
12.416359505	-14.004845251	0.469683093	-9.170495429
11.824925412	-9.170495429	-1.978184996	-6.243146179
11.434673603	-6.243146179	3.092165837	4.593718829
11.400120843	4.593718829	2.429212504	12.592888749
11.839348488	12.592888749	-3.436430713	8.633286455
12.381318661	8.633286455	3.802199772	12.917203904
12.936178715	12.917203904	2.533800731	11.598049819
13.561189080	11.598049819	-2.072734379	1.644731507
13.891802414	1.644731507	-1.810139935	-6.831989426
13.756950376	-6.831989426	0.039830094	-10.928095792
13.304741966	-10.928095792	-0.422947123	-12.914529153
12.693448505	-12.914529153	-1.962415658	-13.280859441
12.021268965	-13.280859441	-1.946864686	-10.325805018
11.421911339	-10.325805018	2.967454756	1.031285965
11.193113439	1.031285965	-3.671925154	1.082347441
11.246284544	1.082347441	2.538690716	10.217093442
11.534964621	10.217093442	1.545375346	15.355897907
12.189099134	15.355897907	2.271011884	17.006627065
13.020327122	17.006627065	4.020760015	16.812933255
13.879811904	16.812933255	3.295737185	14.271541421
14.653240687	14.271541421	3.251753306	13.883790308
15.343377875	13.883790308	-4.653659987	4.887934771
15.797550921	4.887934771	1.417491808	7.773924131
16.107294846	7.773924131	0.094085814	10.479872948
16.555114720	10.479872948	1.631488915	17.256963624
17.244196069	17.256963624	2.425224524	24.335315789
18.299057767	24.335315789	0.426164119	22.291301019
19.494315048	22.291301019	-3.919325148	9.009627902
20.281625976	9.009627902	3.540597949	7.352821294
20.689323688	7.352821294	1.235518010	2.839372474
20.939853404	2.839372474	2.448338730	0.982723392
21.033386298	0.982723392	-1.227604325	-5.810984242
20.910899455	-5.810984242	0.498899205	-10.055413982
20.515736427	-10.055413982	0.984272224	-13.333153186
19.926861707	-13.333153186	1.968783264	-12.979248810
19.256276370	-12.979248810	2.664921447	-8.290345027
18.712157653	-8.290345027	2.023157548	-2.522597486
18.437062650	-2.522597486	-2.309576127	-2.764710874
18.301619269	-2.764710874	2.713625072	4.674561266
18.356377854	4.674561266	1.982817993	8.991729554
18.708434918	8.991729554	-2.206796644	4.365043910
19.049580384	4.365043910	-2.142835046	-1.000943525
19.132782201	-1.000943525	0.575878152	-1.340619512
19.072576737	-1.340619512	-1.525860672	-4.265707972
18.927535416	-4.265707972	0.768293032	-2.417874660
18.756634689	-2.417874660	-0.125286984	-1.295000199
18.661757773	-1.295000199	-4.670912834	-6.389160068
18.462681199	-6.389160068	-4.759732654	-9.483877424
18.055768301	-9.483877424	-2.490384623	-7.089622345
17.636475765	-7.089622345	-2.294480062	-3.810024443
17.363695641	-3.810024443	1.115736081	4.182409241
17.378977767	4.182409241	-0.474413736	8.715499945
17.705268850	8.715499945	1.147818911	14.028331128
18.285690883	14.028331128	0.057633490	13.859854045
19.001080002	13.859854045	1.060352982	11.253264634
19.642791208	11.253264634	-4.404713929	-1.493210027
19.884733974	-1.493210027	-0.944426159	-7.440207088
19.655579580	-7.440207088	0.192975855	-9.636005565
19.218320661	-9.636005565	4.382617685	-3.050527876
18.895292191	-3.050527876	0.889087033	-1.125945200
18.788795832	-1.125945200	0.864294215	0.736697331
18.782585189	0.736697331	2.613352160	4.462875303
18.917541390	4.462875303	1.894948632	5.542250543
19.174727107	5.542250543	-2.124740600	-0.736120618
19.294420092	-0.736120618	3.071905755	1.300534356
19.312703934	1.300534356	1.382781333	0.214340014
19.351062153	0.214340014	1.455644083	-0.397081794
19.344122506	-0.397081794	2.454983307	0.426096562
19.348224175	0.426096562	3.874550781	2.926336058
19.434943606	2.926336058	-4.573703182	-7.402922832
19.313436112	-7.402922832	1.532511423	-5.923455358
18.972227462	-5.923455358	0.208483406	-4.747967656
18.698678259	-4.747967656	3.696140851	2.496895295
18.646770909	2.496895295	-2.650977792	-0.802723331
18.686941384	-0.802723331	4.379376643	6.373607637
18.833737383	6.373607637	-0.877210720	3.531826114
19.086928151	3.531826114	-1.107250546	-0.372475143
19.165425078	-0.372475143	-4.118648361	-7.740235734
18.954408923	-7.740235734	2.084507915	-3.368673312
18.670874146	-3.368673312	-1.050129399	-2.870029438
18.511019193	-2.870029438	-3.444714161	-5.049344888
18.307344865	-5.049344888	-1.358297013	-2.769685860
18.108547370	-2.769685860	1.599697190	3.952738908
18.144317099	3.952738908	-0.491073435	5.973069878
18.398822075	5.973069878	-3.196939392	2.366660916
18.611243710	2.366660916	0.958669456	4.333623623
18.783994327	4.333623623	-2.136228685	0.447848320
18.905265498	0.447848320	0.521388076	0.554500693
18.931043435	0.554500693	-1.493828107	-1.985984501
18.892312107	-1.985984501	1.527312009	0.580960542
18.858258231	0.580960542	1.052507855	1.683467385
18.916830156	1.683467385	-0.395660065	0.131502366
18.962827882	0.131502366	-2.718583657	-4.240097849
18.854649951	-4.240097849	-2.732106793	-6.978126330
18.565614931	-6.978126330	-4.343780010	-9.859636222
18.133594078	-9.859636222	2.522566048	-0.328421050
17.878121200	-0.328421050	-3.311998099	-0.046893426
17.868705098	-0.046893426	-3.492603409	-0.045501122
17.866361443	-0.045501122	-1.558806630	2.378882670
17.927501812	2.378882670	-3.392358577	1.456843423
18.024698741	1.456843423	4.295503765	11.429415986
18.357400756	11.429415986	-3.540710819	6.323347309
18.810821843	6.323347309	3.824861729	10.339166910
19.240019210	10.339166910	-3.115462131	1.254529631
19.532978415	1.254529631	-4.452358739	-8.884302465
19.333125878	-8.884302465	4.707420095	-2.642910514
19.039974566	-2.642910514	-3.948929309	-8.540075423
18.750565263	-8.540075423	0.133003495	-5.633058942
18.388191439	-5.633058942	2.899477964	2.321387341
18.309575176	2.321387341	0.750701670	5.646300575
18.514906460	5.646300575	-4.849805782	-0.846601680
18.634498286	-0.846601680	-0.979060939	-0.613404875
18.597126479	-0.613404875	-3.812695949	-4.276707581
18.470302814	-4.276707581	-2.925934352	-5.202009127
18.227364903	-5.202009127	-4.627597444	-7.279294783
17.908572179	-7.279294783	-0.379158070	-1.685693893
17.683688515	-1.685693893	-1.476105575	1.774528448
17.690234689	1.774528448	3.384029064	11.626829648
18.033762905	11.626829648	2.378073776	16.649017106
18.759444581	16.649017106	-3.079687340	8.764085198
19.408192023	8.764085198	0.271601757	4.120959622
19.734956394	4.120959622	-4.980363546	-8.329761786
19.620112043	-8.329761786	-2.160491137	-13.535658528
19.058629102	-13.535658528	2.884791334	-7.287732296
18.526493248	-7.287732296	0.937538584	-2.308871112
18.282689647	-2.308871112	-3.681283093	-3.816154704
18.125681015	-3.816154704	-3.206499834	-3.669909125
17.935158637	-3.669909125	-3.747180538	-3.660102273
17.749298644	-3.660102273	1.152216915	3.798826337
17.758634211	3.798826337	0.623944560	9.063258500
18.087268562	9.063258500	1.544693512	13.186332327
18.658274394	13.186332327	-1.969193241	8.225503775
19.205981156	8.225503775	-1.776333249	1.673580064
19.456795802	1.673580064	-0.132610642	-2.112288576
19.441093337	-2.112288576	-3.110374068	-9.127969120
19.150598696	-9.127969120	3.426677226	-3.640460616
18.824951463	-3.640460616	-2.329596901	-5.772310086
18.582500435	-5.772310086	-3.777860899	-8.180189824
18.224258348	-8.180189824	-3.057100179	-7.421538435
17.827436364	-7.421538435	1.390528593	0.972062061
17.668532416	0.972062061	1.288415686	7.956002334
17.897174121	7.956002334	0.869622072	12.240302371
18.414019143	12.240302371	3.519546448	16.708075751
19.158742063	16.708075751	-1.168241496	9.569389100
19.826738239	9.569389100	2.900955211	7.291496331
20.251487686	7.291496331	-1.724061012	-2.138061712
20.376071193	-2.138061712	-2.850235192	-11.921320295
20.019062665	-11.921320295	-3.194239473	-19.662144067
19.211733990	-19.662144067	-3.161044009	-21.546499136
18.154046206	-21.546499136	-2.485415478	-17.775560938
17.163232869	-17.775560938	1.822206405	-8.008517659
16.529536482	-8.008517659	0.992558739	-1.837306114
16.290532510	-1.837306114	2.261725883	4.994105581
16.372206658	4.994105581	4.371740887	15.513430409
16.880518996	15.513430409	2.366472048	23.307423583
17.855755910	23.307423583	-0.520540215	22.493618770
19.027923557	22.493618770	4.408492094	23.014989917
20.187261995	23.014989917	-2.720805882	11.031977152
21.029263703	11.031977152	1.031795542	7.472688234
21.481721569	7.472688234	-1.605126057	2.008887389
21.711146502	2.008887389	0.454390893	0.857749262
21.780614427	0.857749262	-0.146625460	-0.652122098
21.782201946	-0.652122098	-4.646380805	-9.118029646
21.540815468	-9.118029646	-4.472161439	-18.915724639
20.849139919	-18.915724639	4.292731821	-16.453334830
19.965376977	-16.453334830	-2.546988559	-22.105257368
18.978854424	-22.105257368	-3.152518477	-22.252804704
17.843629521	-22.252804704	0.337610914	-13.784239240
16.943718835	-13.784239240	2.058098012	-4.331838504
16.500679768	-4.331838504	2.647261968	4.132749334
16.501775303	4.132749334	-4.599822143	1.256227350
16.633193579	1.256227350	3.669883296	11.645084268
16.955491064	11.645084268	4.363084599	22.819471528
17.823186908	22.819471528	-3.069999624	18.632975412
18.881923994	18.632975412	3.593733283	19.316129531
19.852631417	19.316129531	-0.849101124	10.320318210
20.593514238	10.320318210	2.645309404	7.691660242
21.038276912	7.691660242	-4.021579217	-3.620314093
21.131328218	-3.620314093	2.823380634	-3.748536062
20.949828059	-3.748536062	-2.757971607	-12.969255397
20.532104565	-12.969255397	-1.122948682	-18.980824728
19.725361647	-18.980824728	-4.649263807	-25.916673119
18.572355371	-25.916673119	3.027325502	-14.583368630
17.546146066	-14.583368630	-3.096632053	-11.848523291
16.887562745	-11.848523291	2.581806234	-1.764466499
16.555767584	-1.764466499	2.334477001	6.335409452
16.672108143	6.335409452	-1.732987421	8.419951447
17.037793292	8.419951447	-4.133275273	7.252474462
17.428735682	7.252474462	-3.662216923	6.582232442
17.777286624	6.582232442	-3.281702404	5.609713038
18.086683674	5.609713038	-4.647687293	1.579244846
18.268674575	1.579244846	-2.142170666	1.121123636
18.337565445	1.121123636	-1.922077217	0.730813547
18.384818665	0.730813547	-3.350277321	-1.601277831
18.358590813	-1.601277831	3.587151157	6.419499069
18.486068369	6.419499069	-4.816373635	-0.040971561
18.646165614	-0.040971561	0.954661690	2.304870584
18.706172479	2.304870584	0.769603709	3.476675955
18.855072077	3.476675955	-3.290126511	-2.071907051
18.885930677	-2.071907051	0.098739726	-1.446674484
18.795823666	-1.446674484	2.561698884	2.798344322
18.835229340	2.798344322	-0.372618197	1.488823463
18.944803765	1.488823463	-4.497090640	-5.629373398
18.834739180	-5.629373398	0.731322047	-2.992209177
18.614435827	-2.992209177	-1.152839321	-2.414094063
18.476013559	-2.414094063	-4.751541396	-6.386668361
18.249189206	-6.386668361	3.687788696	3.517691893
18.182783815	3.517691893	3.109969194	10.608558590
18.547011448	10.608558590	-0.010325255	9.662873329
19.067064273	9.662873329	0.939361434	7.420961552
19.503681082	7.420961552	-4.744599151	-4.450020840
19.571867358	-4.450020840	-1.232431131	-8.922438574
19.228215602	-8.922438574	-2.971010994	-13.047603541
18.662683402	-13.047603541	1.317444085	-7.004408740
18.151643010	-7.004408740	-1.410888582	-3.774200258
17.878608499	-3.774200258	-0.476237522	1.102688766
17.814752392	1.102688766	-0.207285847	5.439743057
17.982472148	5.439743057	-2.550491449	4.930969599
18.246717970	4.930969599	-2.272317633	3.679479017
18.466623177	3.679479017	-1.820641089	2.185899359
18.616466130	2.185899359	0.343998369	3.287713028
18.757390063	3.287713028	-3.914412944	-2.548472259
18.771047443	-2.548472259	1.947459923	1.287954585
18.743232657	1.287954585	-0.854371203	0.165931786
18.780127024	0.165931786	-1.088482395	-0.843051528
18.761358655	-0.843051528	3.519762581	4.692026356
18.863324544	4.692026356	-0.678929087	2.350016853
19.043208788	2.350016853	-2.160565622	-2.323934557
19.039016844	-2.323934557	-3.099504964	-7.077446091
18.795797994	-7.077446091	-0.684377547	-5.915983323
18.462853893	-5.915983323	2.095892157	0.720837596
18.333430363	0.720837596	4.063350696	9.015515448
18.586071363	9.015515448	4.632415649	14.840968967
19.200741611	14.840968967	-4.141506989	3.560635647
19.666536785	3.560635647	-4.783145955	-8.234542582
19.539919011	-8.234542582	0.713211501	-8.942867516
19.099922884	-8.942867516	1.123223387	-6.495785637
18.704493184	-6.495785637	-4.260811121	-10.085280895
18.278091627	-10.085280895	1.951520647	-1.914723929
17.975295964	-1.914723929	-1.944893387	0.258083333
17.935038155	0.258083333	0.296573206	5.050160167
18.071906124	5.050160167	-2.351633448	4.507918015
18.315751936	4.507918015	1.389478204	8.232053604
18.643676064	8.232053604	3.767770399	12.675869156
19.182139193	12.675869156	0.736438576	8.964166108
19.733506623	8.964166108	-1.331406814	0.763352458
19.976939858	0.763352458	1.106325169	-2.869212672
19.921306962	-2.869212672	-3.878495168	-12.958460495
19.515132095	-12.958460495	-0.101922153	-13.649380060
18.832812690	-13.649380060	-0.634372283	-11.170848149
18.197605450	-11.170848149	0.411208861	-4.730869438
17.795667758	-4.730869438	3.361762231	6.011646128
17.835189010	6.011646128	-3.315230284	4.882614438
18.111799080	4.882614438	-4.641208510	0.894100466
18.257768033	0.894100466	4.607973060	10.321250435
18.548533582	10.321250435	-2.279069857	6.196048123
18.970976057	6.196048123	1.668079951	6.264976420
19.290611900	6.264976420	2.783262187	6.272606831
19.611005107	6.272606831	-3.434275754	-3.924799572
19.663848826	-3.924799572	2.069494480	-4.181274284
19.456970309	-4.181274284	-0.084428152	-6.493097937
19.182819728	-6.493097937	-1.843458682	-9.311452766
18.776048739	-9.311452766	4.385506543	-0.288671843
18.533198677	-0.288671843	3.624863997	6.557414630
18.697668017	6.557414630	-1.363155921	3.755635596
18.961386620	3.755635596	-2.442489730	-1.253104980
19.020624494	-1.253104980	4.354270123	4.088670795
19.096457286	4.088670795	0.742833544	2.616161279
