3
1000
0.037107426	-0.303381319	-0.829779953	-0.052703750
-0.052703750	-1.212901505	-4.076614052	-0.207214336
-0.207214336	-6.287388254	-1.032325258	-0.522986688
-0.522986688	-4.547998664	1.852195004	-0.546958566
-0.546958566	1.494839090	-4.726124068	-0.660149772
-0.660149772	-2.857810970	0.586898284	-0.534032590
-0.534032590	2.077033626	3.007445687	-0.250942653
-0.250942653	9.780386604	1.923226157	0.182912052
0.182912052	11.094940916	-4.149557886	0.492937222
0.492937222	1.258796511	3.781425034	0.659861361
0.659861361	3.543345060	4.578895302	0.910856321
0.910856321	5.934386226	-1.844843690	0.981540373
0.981540373	-1.933030641	-4.817117227	0.513298142
0.513298142	-13.446906342	2.481656544	-0.072804712
-0.072804712	-9.560256891	-3.967739934	-0.655911877
-0.655911877	-13.137730545	-2.063858516	-1.181037797
-1.181037797	-10.221862513	-4.806330421	-1.699901893
-1.699901893	-10.453554706	-2.344533406	-2.171209079
-2.171209079	-6.598931387	0.741176055	-2.308342717
-2.308342717	-0.181043458	1.997583600	-2.085473391
-2.085473391	6.912954621	1.944001577	-1.490213568
-1.490213568	15.500159793	0.358964059	-0.596912905
-0.596912905	20.093673299	4.445947560	0.470647325
0.470647325	24.995015370	-3.625252959	1.408424835
1.408424835	12.264584995	-1.023231630	1.842821933
1.842821933	3.213351247	-1.522341403	1.766905569
1.766905569	-5.045167077	3.833060912	1.480258692
1.480258692	-4.228955816	-1.511016580	1.069160656
1.069160656	-12.945605194	-0.719088101	0.338103380
0.338103380	-15.785274174	4.494892587	-0.293750749
-0.293750749	-6.938046220	-0.918631972	-0.661164316
-0.661164316	-5.472215269	0.736794867	-0.732759541
-0.732759541	0.653030206	-1.733550982	-0.647724955
-0.647724955	1.353073139	-1.427302400	-0.546848494
-0.546848494	2.674546245	-4.841787572	-0.626007839
-0.626007839	-2.354332185	4.973228505	-0.392133468
-0.392133468	8.435158031	4.325954630	0.220949793
0.220949793	15.264470755	2.554630526	0.927893896
0.927893896	13.597061522	2.115247586	1.514653316
1.514653316	10.013757555	-4.737890131	1.712821175
1.712821175	-3.722751886	3.600279487	1.491449903
1.491449903	-4.033439457	3.420308924	1.355393131
1.355393131	-4.090851637	0.857592715	1.032210162
1.032210162	-8.252638181	-4.813527106	0.335371479
0.335371479	-17.475670198	3.071051956	-0.400583165
-0.400583165	-11.669137742	2.471216427	-0.828638835
-0.828638835	-3.816340379	-4.400823105	-0.981937130
-0.981937130	-4.386063696	-3.925058709	-1.204759708
-1.204759708	-4.895261691	0.597169821	-1.218033888
-1.218033888	2.360273007	4.672763300	-0.777782306
-0.777782306	13.649212061	-2.476742554	-0.110123582
-0.110123582	12.236718193	0.813589273	0.445621650
0.445621650	10.988526775	-2.601522409	0.722417103
0.722417103	1.307201086	3.289808996	0.870473378
0.870473378	2.317263273	-4.299778563	0.680134333
0.680134333	-8.462892211	0.688514371	0.220421701
0.220421701	-9.394510901	0.797452192	-0.179423762
-0.179423762	-7.395965206	2.453344309	-0.406388432
-0.406388432	-0.701301089	-4.336651656	-0.516597393
-0.516597393	-4.822925721	-2.898259901	-0.741252636
-0.741252636	-5.161394189	-2.396849014	-0.942805033
-0.942805033	-2.325165485	1.394608809	-0.959227123
-0.959227123	4.611488571	-2.367032295	-0.658128676
-0.658128676	5.102737632	2.721780295	-0.320681802
-0.320681802	11.050480753	-4.860484270	0.135753756
0.135753756	2.897844709	4.490163207	0.366505025
0.366505025	7.938295114	4.156063498	0.811654402
0.811654402	10.201953625	-0.140093329	1.192789714
1.192789714	3.591708675	4.261814267	1.323583444
1.323583444	3.657320341	4.632625284	1.554753074
1.554753074	3.726404300	-3.649208420	1.491035792
1.491035792	-8.140450037	4.479702112	1.115126791
1.115126791	-6.445164041	-3.238037444	0.600756643
0.600756643	-14.120869426	3.094906921	0.008241489
0.008241489	-9.918452136	0.820141799	-0.438187514
-0.438187514	-6.221644990	4.053923187	-0.513921639
-0.513921639	3.322908955	2.986035912	-0.258405817
-0.258405817	9.522470233	0.991103076	0.358499786
0.358499786	9.299195170	-0.663236510	0.675184297
0.675184297	4.221743532	3.928887085	0.925214189
0.925214189	5.335236631	2.879292338	1.173373651
1.173373651	4.453445806	-0.798063200	1.231142468
1.231142468	-3.398608987	-4.995979751	0.698328310
0.698328310	-14.983760200	4.737835384	0.092540394
0.092540394	-8.986274969	0.747115047	-0.278442705
-0.278442705	-5.704339115	0.868333407	-0.443791068
-0.443791068	-1.377472392	2.550821885	-0.366017600
-0.366017600	4.910816684	-1.773190032	-0.174623499
-0.174623499	3.114837799	-1.178972480	-0.036399797
-0.036399797	1.529914738	-1.826160540	-0.020436515
-0.020436515	-1.406260586	4.738020779	0.075531063
0.075531063	6.063389314	-0.732989907	0.363378030
0.363378030	3.035904308	3.799982886	0.510382194
0.510382194	6.137277339	-2.297917380	0.640970042
0.640970042	-1.782220688	0.277146463	0.469349471
0.469349471	-4.109587240	2.331425253	0.296677200
0.296677200	-2.541293920	0.688579907	0.168207915
0.168207915	-2.659083798	-4.317906516	-0.126488407
-0.126488407	-8.168307696	4.828171137	-0.278534709
-0.278534709	0.953067223	3.749616450	-0.086598817
-0.086598817	7.348108935	-3.390285632	0.153967134
0.153967134	1.082176323	-2.749600422	0.114486315
0.114486315	-3.810217711	4.163055535	0.030759778
0.030759778	2.745839238	-3.891086993	0.000539636
0.000539636	-4.104055049	2.285856680	-0.058686198
-0.058686198	0.562164350	3.516718749	0.035996066
0.035996066	5.445371180	-2.663338608	0.202244891
0.202244891	-0.174056953	-0.228590130	0.186887948
0.186887948	-2.605990736	0.440101188	0.082642552
0.082642552	-1.379051673	2.515278171	0.073618359
0.073618359	1.725073812	2.852960282	0.308842677
0.308842677	4.712086921	3.729223764	0.623131647
0.623131647	7.548154066	4.498059914	1.015491148
1.015491148	9.202570184	-4.012565982	1.164292757
1.164292757	-4.007932260	1.102408126	0.898305578
0.898305578	-6.557396950	2.702387346	0.595700376
0.595700376	-5.739685382	-2.429307012	0.157196144
0.157196144	-10.591418231	2.965886780	-0.268841535
-0.268841535	-5.109970887	4.904717836	-0.224542686
-0.224542686	5.738266500	4.013084363	0.161928133
0.161928133	9.930417241	1.366044000	0.603259870
0.603259870	8.434772255	-1.442948290	0.872821436
0.872821436	1.142344422	2.456371927	0.957202324
0.957202324	0.131811703	3.623462528	0.941794827
0.941794827	0.432684800	-3.113631990	0.707431783
0.707431783	-9.003415681	4.897517077	0.455605291
0.455605291	-3.609760782	-2.378269162	0.109528003
0.109528003	-8.731036589	-4.430705616	-0.461399301
-0.461399301	-13.492686501	2.986042448	-0.840350542
-0.840350542	-3.573875021	0.934324495	-0.864008735
-0.864008735	3.033764045	2.498583107	-0.503752877
-0.503752877	9.633971828	4.594343211	0.179291898
0.179291898	17.460645825	2.093872512	0.983531926
0.983531926	14.793598776	-2.785672657	1.433380953
1.433380953	3.848009632	-0.713811713	1.504524172
1.504524172	-3.175412428	3.029632374	1.309198961
1.309198961	-4.564148571	-1.575458802	0.879118520
0.879118520	-12.135961552	3.240098704	0.299035656
0.299035656	-9.435514290	-4.216131001	-0.280962030
-0.280962030	-15.733845374	-0.414161863	-0.898366333
-0.898366333	-10.018225683	2.548614814	-1.161904328
-1.161904328	-0.264484887	-0.475951733	-0.984772206
-0.984772206	4.156688747	-0.259960734	-0.787233575
-0.787233575	8.182382621	4.046861603	-0.104856767
-0.104856767	15.167831957	-3.743586189	0.436751259
0.436751259	8.143372445	0.386272826	0.800075463
0.800075463	3.331603017	2.959669419	0.869758757
0.869758757	3.162048863	-3.422699301	0.874664497
0.874664497	-6.772602235	4.058094960	0.625331995
0.625331995	-3.937042525	2.318004091	0.336962796
0.336962796	-3.079626815	-2.501493198	0.069601514
0.069601514	-7.575670259	3.126105880	-0.117222088
-0.117222088	-0.253893932	3.190891786	-0.063771267
-0.063771267	4.143977758	0.336533450	0.146576185
0.146576185	3.482046486	-1.334433561	0.193604939
0.193604939	0.009357485	4.388864774	0.317240551
0.317240551	4.609415689	3.910189543	0.697461516
0.697461516	7.119358704	-1.740101882	0.797604669
0.797604669	-0.346411942	1.902278682	0.673159860
0.673159860	-1.566301993	-2.099031483	0.502429645
0.502429645	-7.541031517	-1.885557859	-0.047908819
-0.047908819	-11.578968900	-0.735252115	-0.501396257
-0.501396257	-9.349414067	4.318611166	-0.761547460
-0.761547460	1.214976741	4.202065143	-0.427427674
-0.427427674	10.502971477	-2.726902637	0.026179411
0.026179411	7.055468858	1.070941620	0.390630987
0.390630987	5.833937770	-3.148696017	0.476452055
0.476452055	-2.267611175	0.742190888	0.376371969
0.376371969	-2.889819513	-2.711863290	0.052756295
0.052756295	-7.809324531	0.190159841	-0.245090291
-0.245090291	-6.073682280	4.967534252	-0.272159981
-0.272159981	4.049021372	4.759890683	0.047416770
0.047416770	11.204082155	-4.675736747	0.391637157
0.391637157	2.181366506	-0.482668513	0.433945577
0.433945577	-1.484832881	-3.320167068	0.154762038
0.154762038	-7.965055949	3.242378396	-0.215914921
-0.215914921	-2.400014427	-0.231176665	-0.178153155
-0.178153155	-1.128257040	-0.079281985	-0.248289118
-0.248289118	-0.013628713	-0.425950839	-0.237048088
-0.237048088	1.019271190	2.582782605	-0.064352225
-0.064352225	5.104583764	-2.797657738	0.076623678
0.076623678	-0.240297483	2.548914571	0.160362848
0.160362848	3.297857406	-1.874986215	0.165693821
0.165693821	-2.220143637	2.701499563	0.238559682
0.238559682	0.459799823	0.190823222	0.279897585
0.279897585	0.077096247	1.724698447	0.303079255
0.303079255	0.602804702	4.147886867	0.468187316
0.468187316	4.992669582	3.593178061	0.722663741
0.722663741	6.077676819	1.736984239	0.986998556
0.986998556	3.492457756	0.605299905	1.009247233
1.009247233	-0.896576816	3.558283673	1.007806453
1.007806453	-0.635420818	-2.103972538	0.758868678
0.758868678	-8.704304730	3.076984091	0.368177550
0.368177550	-5.762566434	2.672845084	0.167218323
0.167218323	-3.161219274	2.444731531	0.092182894
0.092182894	0.266419632	-3.010520766	-0.043320252
-0.043320252	-4.222092933	-4.733721153	-0.380721016
-0.380721016	-10.512753658	2.997765369	-0.599521060
-0.599521060	-1.142916145	-2.923743382	-0.743386032
-0.743386032	-1.227705669	0.538846111	-0.658252096
-0.658252096	3.345935439	-0.646940424	-0.495670768
-0.495670768	5.870870732	-0.219686920	-0.230629837
-0.230629837	5.913798135	-3.401663497	-0.040797827
-0.040797827	0.814907967	-0.957980942	-0.009097841
-0.009097841	-0.279030178	-3.112549331	-0.151032434
-0.151032434	-4.132648212	-2.892676079	-0.440107924
-0.440107924	-6.715517682	1.382187106	-0.616277228
-0.616277228	-0.634728205	2.316064712	-0.545192870
-0.545192870	6.743675356	2.821818168	-0.038747343
-0.038747343	11.169631412	-3.077499832	0.427888716
0.427888716	4.118523380	-4.198963562	0.349528958
0.349528958	-4.940559690	0.306974385	0.043598906
0.043598906	-4.902623072	-2.935459411	-0.259732404
-0.259732404	-9.130343079	-2.384504482	-0.717534872
-0.717534872	-7.540285251	2.875518397	-0.835229719
-0.835229719	0.224431301	-3.228388356	-0.834904320
-0.834904320	0.447316466	2.871162897	-0.599354606
-0.599354606	8.505766521	2.400775432	0.013017972
0.013017972	13.343197649	-2.833827917	0.529177879
0.529177879	4.854793698	-3.234509657	0.540875955
0.540875955	-2.724722385	3.602369974	0.507007574
0.507007574	1.608257575	2.587469310	0.542478699
0.542478699	1.548983688	-2.219149514	0.424023048
0.424023048	-4.502523344	0.166887829	0.158979028
0.158979028	-5.346677138	-1.251240565	-0.186404495
-0.186404495	-6.697859712	1.132112115	-0.391355604
-0.391355604	-1.782647939	-4.968871422	-0.660791774
-0.660791774	-6.780086321	-2.606842926	-0.920081761
-0.920081761	-5.275674063	-1.979032687	-1.154993859
-1.154993859	-2.659997918	-2.132883504	-1.190157798
-1.190157798	0.336721586	1.138710897	-0.952976507
-0.952976507	7.150065876	-0.558828930	-0.541242882
-0.541242882	9.498376904	-1.543011788	-0.108731682
-0.108731682	8.424788654	-0.327541761	0.271722237
0.271722237	6.520168326	3.773604747	0.679784539
0.679784539	8.204260303	-0.430342994	0.951243853
0.951243853	2.661223177	-0.670184930	0.894690159
0.894690159	-3.580812689	2.667745872	0.666561164
0.666561164	-3.245022566	3.428998402	0.598056972
0.598056972	-1.546825324	4.427625754	0.572771537
0.572771537	2.274303808	3.479393924	0.813906897
0.813906897	3.238707981	0.402609404	0.742092980
0.742092980	-0.367205259	3.379779620	0.758534320
0.758534320	0.937481512	-4.222854297	0.534202693
0.534202693	-9.482983433	-4.910608976	-0.218171868
-0.218171868	-16.926528379	-0.601691858	-1.014269245
-1.014269245	-12.545559782	-0.221379956	-1.459087006
-1.459087006	-6.026916643	3.959699670	-1.456073756
-1.456073756	5.923818485	-0.814219742	-1.111482238
-1.111482238	10.823333289	0.057420175	-0.521507923
-0.521507923	12.775133854	-2.057843118	0.110789394
0.110789394	9.611139929	-4.859077058	0.379634467
0.379634467	-0.162999219	0.070799233	0.275375454
0.275375454	-1.552848995	2.778484769	0.252369836
0.252369836	0.287130687	-3.202057023	0.120822451
0.120822451	-5.214031427	-0.913627750	-0.134660404
-0.134660404	-5.377531833	4.752223424	-0.203288232
-0.203288232	3.277738430	1.363061259	-0.007359362
-0.007359362	5.577699875	1.195867394	0.266936828
0.266936828	5.285443446	-0.670614913	0.437544807
0.437544807	1.805099604	1.973688756	0.525728626
0.525728626	1.170906138	-2.047112056	0.479510146
0.479510146	-5.364884261	3.553564126	0.329650424
0.329650424	-0.797085785	0.853484589	0.230429311
0.230429311	-0.526817024	4.218683055	0.322108370
0.322108370	3.398272601	1.824537098	0.552619463
0.552619463	3.309028083	-0.832760376	0.519156056
0.519156056	-1.579548956	2.797442955	0.552821515
0.552821515	0.260678858	-3.554022792	0.328069966
0.328069966	-7.617585386	1.884973179	-0.001709967
-0.001709967	-5.146934171	-2.727024591	-0.349790125
-0.349790125	-7.507108969	-1.446920884	-0.656507550
-0.656507550	-5.892232555	2.073166027	-0.816193839
-0.816193839	1.873946504	-3.300592858	-0.771008330
-0.771008330	0.465919098	3.753327264	-0.449985078
-0.449985078	8.889854247	-0.710676660	-0.024102550
-0.024102550	9.002381414	-1.575593589	0.325346394
0.325346394	4.097930649	3.003322458	0.576077193
0.576077193	5.230222038	-3.545343897	0.627874388
0.627874388	-3.783729874	3.596509536	0.475647149
0.475647149	0.204986575	-3.752486999	0.227541360
0.227541360	-8.438284166	4.482991741	-0.031665732
-0.031665732	-1.415545546	0.656621125	-0.025487557
-0.025487557	0.560585356	0.992697557	0.031342557
0.031342557	1.164801675	0.793605403	0.077022417
0.077022417	1.557826550	4.913465087	0.344255963
0.344255963	8.117215680	-0.772473384	0.613489338
0.613489338	2.218979173	-4.520074360	0.516614829
0.516614829	-7.695608578	2.035193311	0.215255648
0.215255648	-5.706177366	-3.118057400	-0.221611654
-0.221611654	-9.503780259	2.953011674	-0.502275982
-0.502275982	-1.792742095	-4.715091505	-0.694384320
-0.694384320	-5.207497751	-2.707949727	-0.876625307
-0.876625307	-4.399195893	-0.302109599	-0.989443364
-0.989443364	1.506027631	2.744101333	-0.753643452
-0.753643452	9.970111198	-1.450471489	-0.275178757
-0.275178757	10.154385168	-4.564657362	-0.048829250
-0.048829250	1.720398973	0.167063598	0.114651985
0.114651985	1.788113668	1.309592003	0.194472908
0.194472908	2.318763807	-0.481637506	0.224407479
0.224407479	-0.630689373	-0.051569158	0.148268397
0.148268397	-1.205450460	-1.306000744	0.045540692
0.045540692	-3.112787047	-0.229870056	-0.129111134
-0.129111134	-3.477085348	0.276187723	-0.252573876
-0.252573876	-2.120398136	-4.279879648	-0.411525650
-0.411525650	-4.944593462	-2.088460594	-0.663048124
-0.663048124	-4.760464514	-3.906170858	-0.996993766
-0.996993766	-5.742367091	-3.563930021	-1.227280365
-1.227280365	-4.734050198	2.969622520	-1.220946696
-1.220946696	5.042938505	-2.097020029	-0.892244422
-0.892244422	7.023983591	-1.013409401	-0.514358721
-0.514358721	7.819615533	-4.290815995	-0.181514197
-0.181514197	2.609972954	-3.862036436	-0.187512266
-0.187512266	-1.826546122	-1.789736858	-0.276722482
-0.276722482	-2.432605361	3.344865140	-0.340929806
-0.340929806	4.236111732	-4.602712933	-0.191262477
-0.191262477	-1.695067427	-1.508325870	-0.291659464
-0.291659464	-1.983747377	0.396491101	-0.360088209
-0.360088209	0.630509250	3.770343893	-0.114195590
-0.114195590	7.439096972	-1.716386099	0.105750514
0.105750514	3.809939070	1.714291711	0.378396613
0.378396613	4.167034536	3.701917462	0.669260811
0.669260811	5.794290378	0.715420927	0.936930254
0.936930254	2.585621779	3.741259356	1.007819726
1.007819726	2.381277770	-2.161981651	0.974705718
0.974705718	-6.117526671	0.546673108	0.515923773
0.515923773	-8.283514790	1.687966059	0.173387333
0.173387333	-6.647575596	-1.741900334	-0.243609813
-0.243609813	-8.924603656	2.626320954	-0.501955122
-0.501955122	-1.841231745	-4.585249204	-0.629028587
-0.629028587	-4.766525198	1.938554114	-0.686031365
-0.686031365	1.767794568	2.677889777	-0.416520170
-0.416520170	9.069327845	-3.652068820	-0.033774815
-0.033774815	3.959169551	-4.476870536	-0.035809382
-0.035809382	-2.461130941	1.174610120	-0.159744162
-0.159744162	-0.011792010	-0.459409439	-0.104443791
-0.104443791	0.211469917	1.562015477	-0.081794728
-0.081794728	2.507372360	-4.490876165	-0.065343157
-0.065343157	-4.453716206	-0.783421140	-0.349478580
-0.349478580	-3.062742213	-0.268880471	-0.435925510
-0.435925510	-1.240400746	3.414221568	-0.190583391
-0.190583391	7.094845805	-2.605889559	-0.006424214
-0.006424214	2.164570467	1.139340024	0.072372435
0.072372435	3.014955057	3.978507177	0.384480634
0.384480634	7.139755430	4.408279632	0.848328561
0.848328561	10.209580886	3.704248568	1.293365114
1.293365114	9.381373188	2.323748992	1.646873985
1.646873985	5.135157285	3.146191813	1.946525852
1.946525852	3.992721575	3.424458100	2.069437118
2.069437118	3.460453393	-2.517092710	1.982047275
1.982047275	-5.892916103	-0.783340652	1.599995421
1.599995421	-11.797430208	-2.966191672	0.728496925
0.728496925	-20.913707834	-0.132492552	-0.311405351
-0.311405351	-20.500186455	1.248212942	-1.148224481
-1.148224481	-12.725155412	3.837555082	-1.424090555
-1.424090555	0.187560916	-2.729988348	-1.392241929
-1.392241929	2.904052901	-3.685843395	-1.219784379
-1.219784379	1.910667158	1.021836539	-0.962499363
-0.962499363	8.871071527	0.956250981	-0.381971975
-0.381971975	13.624686454	-4.408227928	0.033844469
0.033844469	6.291454532	0.346790572	0.318945912
0.318945912	4.771248268	-4.926810307	0.359965475
0.359965475	-5.371884951	0.883673329	0.079870680
0.079870680	-4.787975231	3.225781525	-0.023630951
-0.023630951	1.009696664	-3.770452284	-0.097461264
-0.097461264	-4.569738238	-3.732642909	-0.387011611
-0.387011611	-8.391719790	-2.998178836	-0.896952596
-0.896952596	-7.248401830	-1.966543283	-1.157617163
-1.157617163	-4.501935544	0.820299763	-1.196743555
-1.196743555	2.642887010	0.071194235	-0.970753270
-0.970753270	7.196618337	-2.358623558	-0.551367684
-0.551367684	7.258285879	-2.555520006	-0.193345105
-0.193345105	5.097725911	-4.280527798	-0.151431492
-0.151431492	-1.589290019	3.061631630	-0.090729571
-0.090729571	4.481198328	-0.183037170	0.122244905
0.122244905	3.557955343	-0.512627412	0.228790449
0.228790449	-0.036034819	1.971485288	0.335558626
0.335558626	2.687692275	2.608024563	0.408262052
0.408262052	3.277439338	-2.662313074	0.471546315
0.471546315	-3.426128752	-1.794353460	0.148240626
0.148240626	-7.981057024	2.600017523	-0.129432065
-0.129432065	-3.387497517	-3.849649879	-0.344466893
-0.344466893	-6.491594105	3.207464986	-0.510461977
-0.510461977	1.249471074	-0.088900387	-0.380902973
-0.380902973	2.952201152	-0.383979191	-0.133726544
-0.133726544	3.755658048	2.293976983	0.111457962
0.111457962	7.672787864	3.434941261	0.556186450
0.556186450	9.149200397	1.570654246	0.969378485
0.969378485	6.405952701	0.295466105	1.205207048
1.205207048	0.693127073	3.709456092	1.243635008
1.243635008	0.181382688	1.830743663	1.110330729
1.110330729	-1.683763538	3.785878632	1.048243745
1.048243745	-1.565234249	1.671187887	0.948685887
0.948685887	-3.031944329	1.353709615	0.778923303
0.778923303	-5.316233538	1.282395971	0.405152745
0.405152745	-6.332948844	-3.021672154	-0.044371432
-0.044371432	-10.153279075	4.919450119	-0.356150444
-0.356150444	-1.586775660	0.188042507	-0.399507328
-0.399507328	1.429070801	-1.296943062	-0.209329885
-0.209329885	1.745789627	-0.860801543	-0.245227895
-0.245227895	0.722960704	-3.507639677	-0.283425444
-0.283425444	-2.902019998	0.609487551	-0.368000543
-0.368000543	1.076753452	-0.800064480	-0.283009737
-0.283009737	0.683921314	-4.777284885	-0.407192390
-0.407192390	-3.471419257	1.857568992	-0.496218970
-0.496218970	2.081722925	-3.772278706	-0.460106712
-0.460106712	-1.876482126	0.834063146	-0.398118520
-0.398118520	3.118843008	-2.965661756	-0.362445834
-0.362445834	0.684725810	2.002894376	-0.252694941
-0.252694941	4.392067827	-0.041736029	-0.020995619
-0.020995619	4.656048582	4.247408135	0.396281659
0.396281659	9.343231733	-2.455618977	0.660424122
0.660424122	1.472375043	-2.024252847	0.594867533
0.594867533	-4.487981658	-3.818073707	0.097915964
0.097915964	-11.875711950	0.905205476	-0.426120785
-0.426120785	-8.896645949	1.383553207	-0.682705550
-0.682705550	-1.786951592	3.805385976	-0.529583931
-0.529583931	7.130642900	-2.461113791	-0.274185202
-0.274185202	4.542378828	-1.178993575	-0.051821540
-0.051821540	3.386349980	-4.206584170	-0.003814824
-0.003814824	-4.259190245	1.150157250	-0.133766733
-0.133766733	-0.826178729	1.783769723	-0.097621055
-0.097621055	3.314388024	-3.251034910	-0.023170031
-0.023170031	-2.275013674	4.825897893	0.039364178
0.039364178	6.007815515	2.802245797	0.393513196
0.393513196	8.129965699	-0.162730488	0.673435269
0.673435269	3.477460861	-3.997653569	0.623535457
0.623535457	-6.525992452	1.043068437	0.310262182
0.310262182	-6.473961137	-1.070270021	-0.098190712
-0.098190712	-7.894318415	-1.061159921	-0.490565958
-0.490565958	-6.826323167	-3.638868458	-0.811295103
-0.811295103	-7.503355237	-2.820310699	-1.171850058
-1.171850058	-5.813262977	0.988208906	-1.236609477
-1.236609477	2.627296940	2.005330726	-1.022785735
-1.022785735	9.704158135	-3.325581425	-0.574447688
-0.574447688	7.317323177	1.605983559	-0.089763670
-0.089763670	11.051896434	0.028243835	0.476752522
0.476752522	8.680767302	0.379877201	0.802027696
0.802027696	4.783401749	0.367683219	0.932129795
0.932129795	-0.173909827	1.784824540	0.877650144
0.877650144	-1.328159257	-1.419200860	0.660222968
0.660222968	-7.975973718	0.968885249	0.179113009
0.179113009	-7.791242250	2.396119625	-0.184212677
-0.184212677	-3.595502577	0.182815803	-0.271933514
-0.271933514	-1.723604488	2.679628783	-0.154297115
-0.154297115	3.937482142	3.009945558	0.103081344
0.103081344	8.306370246	-4.252685550	0.309722235
0.309722235	-0.312668654	2.650051483	0.377405348
0.377405348	2.255062198	3.960434916	0.437084488
0.437084488	4.410728756	-4.294579553	0.433906945
0.433906945	-4.672866997	4.718200730	0.344713637
0.344713637	0.300122164	1.851729969	0.368261508
0.368261508	1.394421731	-1.463522129	0.284588763
0.284588763	-4.106103152	2.256425455	0.224331808
0.224331808	-1.065407688	3.846818943	0.262162227
0.262162227	3.327243399	2.965585875	0.546923786
0.546923786	5.215103246	4.281090785	0.870250119
0.870250119	7.367622226	4.519351676	1.227316661
1.227316661	8.176313009	-1.272511979	1.445844157
1.445844157	-0.025538448	1.052128951	1.175289446
1.175289446	-4.764601831	-1.657235950	0.843712569
0.843712569	-11.451396575	0.268518759	0.195166775
0.195166775	-12.375977154	4.332023382	-0.161780476
-0.161780476	-5.542368553	4.573949263	-0.334984121
-0.334984121	3.875611011	-4.424164944	-0.213155947
-0.213155947	-2.020211077	-4.443015873	-0.411975398
-0.411975398	-6.629813694	4.536770185	-0.442254475
-0.442254475	3.432279740	0.030051951	-0.179707038
-0.179707038	5.544516969	2.580616581	0.122201345
0.122201345	8.885663333	3.905068324	0.655048598
0.655048598	12.118568224	-3.984185241	0.993998162
0.993998162	0.281180852	-2.153760310	0.696697197
0.696697197	-7.446552860	4.225044973	0.413858619
0.413858619	-4.249269967	1.319949505	0.255608431
0.255608431	-4.363763794	-3.400812114	-0.085948416
-0.085948416	-8.388531968	-3.346815095	-0.504504604
-0.504504604	-11.308735012	0.738028692	-0.980599049
-0.980599049	-4.446561626	1.296079567	-0.919033546
-0.919033546	2.491616192	3.632264817	-0.605503208
-0.605503208	11.459008848	-2.471585179	-0.041043674
-0.041043674	8.693782613	-4.898275437	0.206138906
0.206138906	-0.156166396	-2.216718692	0.093648371
0.093648371	-4.146845931	-2.303452988	-0.191254921
-0.191254921	-6.634132583	2.025230340	-0.400009693
-0.400009693	-1.232728332	-1.466056530	-0.385677872
-0.385677872	0.345198703	4.370803848	-0.187509966
-0.187509966	8.587488573	-3.146194754	0.019891741
0.019891741	2.885965465	-2.164554864	0.079763649
0.079763649	-1.628208872	-3.147107606	-0.097065792
-0.097065792	-5.027782195	4.473759180	-0.175039722
-0.175039722	2.975365416	1.449416725	0.022133137
0.022133137	5.121702259	-3.568102183	0.019723988
0.019723988	-1.599280957	-0.661601728	-0.005308662
-0.005308662	-3.018643250	-0.348660565	-0.183431673
-0.183431673	-1.872503492	-1.085696370	-0.267301806
-0.267301806	-1.998672489	4.898834533	-0.207635049
-0.207635049	5.937264397	-2.690114407	0.108822591
0.108822591	1.404817660	4.351531155	0.327797523
0.327797523	6.696338838	4.477640661	0.739390433
0.739390433	9.243058447	-0.319504451	1.034466495
1.034466495	3.131964835	-4.852179133	0.914193049
0.914193049	-9.419260912	1.744988442	0.408424626
0.408424626	-9.928071698	2.802023371	0.023101311
0.023101311	-5.859392531	-2.076862380	-0.314202142
-0.314202142	-6.922809525	3.699761803	-0.492005981
-0.492005981	1.419466127	-3.795991231	-0.377388021
-0.377388021	-2.310900298	4.071090552	-0.305126531
-0.305126531	6.846106240	-4.728411707	-0.147624304
-0.147624304	0.338309524	3.684881163	-0.012647386
-0.012647386	6.014181041	3.974982823	0.422972067
0.422972067	10.191967529	0.061311288	0.834945023
0.834945023	5.539699892	0.203136359	0.932320904
0.932320904	-0.292440395	3.248585624	0.984784554
0.984784554	-0.333803862	4.698705703	1.049887471
1.049887471	1.736151197	0.812353423	1.014320335
1.014320335	-2.573731143	-4.164657929	0.632289814
0.632289814	-12.218338368	2.651839567	0.021580195
0.021580195	-9.028134983	-3.921860992	-0.537826074
-0.537826074	-13.057518981	-0.902687389	-1.059225773
-1.059225773	-7.918769660	1.721444097	-1.164448177
-1.164448177	0.619160117	4.498463889	-0.897552321
-0.897552321	12.089492269	-0.937115723	-0.266036198
-0.266036198	13.148785777	-1.855827776	0.239925232
0.239925232	9.036188595	3.786609763	0.783970428
0.783970428	10.939025123	4.410132668	1.354512940
1.354512940	10.481629400	-3.162605881	1.481823197
1.481823197	-1.618161434	3.922739293	1.507273227
1.507273227	-1.066086240	4.814104658	1.493599145
1.493599145	-0.283512916	-3.307858153	1.202448077
1.202448077	-10.159317019	-1.883860865	0.553090556
0.553090556	-16.111070549	1.508312567	-0.228313770
-0.228313770	-13.678891376	1.604577276	-0.784001418
-0.784001418	-6.050875503	4.666124926	-0.780065628
-0.780065628	5.535915316	-1.889869321	-0.554710076
-0.554710076	5.412405602	-2.635303487	-0.261835063
-0.261835063	2.947897273	2.918638756	-0.012039855
-0.012039855	8.169453057	4.007422151	0.437548579
0.437548579	11.296112258	0.534337062	0.992100638
0.992100638	7.412407325	3.542379729	1.317737696
1.317737696	6.387497957	-1.708539982	1.368747370
1.368747370	-3.024938249	0.942908536	1.223460156
1.223460156	-5.738970355	-2.518885359	0.621185344
0.621185344	-14.624654554	-4.334291969	-0.306110080
-0.306110080	-20.361455440	1.254353783	-1.159529491
-1.159529491	-11.996386301	-1.288528155	-1.622937321
-1.622937321	-7.579340871	4.424988742	-1.655014768
-1.655014768	6.280211749	4.394188709	-1.014051732
-1.014051732	17.565495705	-2.882786652	-0.209102240
-0.209102240	15.279412496	1.316207453	0.559063587
0.559063587	14.958379107	-1.097352954	1.035823644
1.035823644	6.491967523	0.874200192	1.262603421
1.262603421	1.133979640	-3.947374733	1.043895635
1.043895635	-10.388630113	2.783008901	0.671004158
0.671004158	-8.925864111	3.790664014	0.234667611
0.234667611	-3.989613637	4.762382646	0.213295048
0.213295048	2.022456824	-1.887039175	0.161968033
0.161968033	-1.605477977	3.599985916	0.238978275
0.238978275	2.415362868	-2.421070156	0.103177607
0.103177607	-2.353082810	4.854449149	0.190897477
0.190897477	3.560772682	0.655542354	0.338063516
0.338063516	2.288905679	-1.731693151	0.368682158
0.368682158	-3.192830877	2.996608375	0.325249393
0.325249393	1.021816806	2.769841920	0.388600834
0.388600834	2.850394470	0.153936931	0.485151529
0.485151529	0.467962931	-4.717573798	0.157495326
0.157495326	-8.933276578	-1.090812885	-0.236762422
-0.236762422	-9.789288282	-3.220276645	-0.765225054
-0.765225054	-9.336025770	-2.091938450	-1.201313912
-1.201313912	-7.329486482	0.353808917	-1.421463698
-1.421463698	-0.156456182	4.978842782	-1.017399353
-1.017399353	13.068839464	-4.584257661	-0.503344967
-0.503344967	9.233753724	2.345850141	0.131886551
0.131886551	13.523517525	-4.488890962	0.510075197
0.510075197	2.729016032	0.519950272	0.542061354
0.542061354	0.544342234	1.021466271	0.575529384
0.575529384	-1.628052984	-1.993677115	0.292103738
0.292103738	-6.625407919	-4.581224297	-0.114301593
-0.114301593	-13.497114219	-1.046495262	-0.776790211
-0.776790211	-10.719405008	1.475529858	-1.128090367
-1.128090367	-2.813181341	-3.018007707	-1.177600275
-1.177600275	-0.935033782	2.131639732	-1.027140186
-1.027140186	8.317689024	2.189394881	-0.421375217
-0.421375217	13.933689796	3.476267092	0.380005251
0.380005251	18.799739550	-0.834332710	1.120935368
1.120935368	11.073152844	3.635929549	1.678906051
1.678906051	9.580913819	3.754038623	2.063151005
2.063151005	8.588639818	2.485203201	2.429970718
2.429970718	7.052773685	3.367520499	2.801527674
2.801527674	6.721623013	3.498718814	3.240784789
3.240784789	11.666269951	0.360025748	3.853584440
3.853584440	12.281587040	-0.792868010	4.504560569
4.504560569	15.435370353	-1.663897712	5.237164468
5.237164468	16.656525173	4.003400045	6.305898025
6.305898025	24.352188213	-2.644780434	7.296391001
7.296391001	14.398514568	2.240848449	7.933709155
7.933709155	10.679702295	0.846916130	8.310815535
8.310815535	5.296458801	1.154770711	8.476090837
8.476090837	1.338006820	-2.487968167	8.325535975
8.325535975	-8.485460874	-4.964452395	7.598081315
7.598081315	-20.453563770	0.437874917	6.535808486
6.535808486	-21.754739592	4.138438752	5.623559804
5.623559804	-11.831856022	2.701321876	5.315731145
5.315731145	-2.711387423	-4.050439302	5.203926216
5.203926216	-2.617507382	1.494668080	5.274384172
5.274384172	5.501700991	1.575214077	5.674709854
5.674709854	11.168649109	1.196819921	6.325124927
6.325124927	13.197456600	3.747476199	7.095232589
7.095232589	15.128246392	0.657321466	7.729342114
7.729342114	9.569312814	3.455176755	8.108912722
8.108912722	8.181017754	-4.624161485	8.167993399
8.167993399	-5.462949902	-4.558452040	7.593031746
7.593031746	-17.454077540	-3.030519611	6.510129927
6.510129927	-24.571447994	-2.690100513	5.281280201
5.281280201	-24.103026824	2.668623763	4.369228146
4.369228146	-11.878074776	1.669425432	3.975050662
3.975050662	-2.788162592	1.585680416	4.083602906
4.083602906	3.359319104	1.028653375	4.448972544
4.448972544	10.430425944	-0.337335258	5.005081807
5.005081807	14.864296014	2.259588458	5.868723966
5.868723966	21.169912179	4.460550298	7.057004591
7.057004591	23.886579238	4.695380121	8.328906336
8.328906336	22.885534297	-3.826230797	9.130647981
9.130647981	12.477381596	4.984135586	9.872460356
9.872460356	19.300230877	-3.114223965	10.748448700
10.748448700	16.683083076	0.952697807	11.723449543
11.723449543	21.702987929	0.738855269	12.825768002
12.825768002	21.628197165	-3.860342385	13.742961552
13.742961552	10.203182808	0.586764111	14.072999334
14.072999334	4.423716158	-4.246891274	13.976483639
13.976483639	-7.034937104	-0.745965344	13.411799586
13.411799586	-14.020348909	3.699107733	12.762287345
12.762287345	-8.962334194	1.826980429	12.413144346
12.413144346	-5.802476179	-3.279226682	11.990354951
11.990354951	-8.689823561	3.001396844	11.869316503
11.869316503	0.997678588	-0.711993071	11.952308776
11.952308776	3.544300115	4.354201140	12.375293097
12.375293097	11.692946279	4.806990364	13.084587028
13.084587028	17.170150262	-0.364429090	13.760002304
13.760002304	10.441039983	-2.152537914	14.092248069
14.092248069	-0.406931990	1.813597549	14.004722977
14.004722977	-2.934053665	2.986203083	13.770894073
13.770894073	-3.980010544	-2.950778542	13.354258461
13.354258461	-13.043053587	0.417990728	12.715945258
12.715945258	-13.227711284	3.398407102	12.183734896
12.183734896	-5.448852330	3.778014186	12.113393047
12.113393047	2.587127349	1.065443483	12.284532730
12.284532730	5.359166565	1.812041841	12.719578471
12.719578471	8.222718372	-3.697578324	12.869179435
12.869179435	-0.248221699	-1.588531767	12.830684830
12.830684830	-4.466590081	4.642243248	12.851245159
12.851245159	2.948745170	0.230085317	12.843793637
12.843793637	0.807738381	-1.079341311	12.787854790
12.787854790	-3.065255809	-2.595156752	12.544727288
12.544727288	-6.718115282	3.641440948	12.402357099
12.402357099	0.141127331	2.367109577	12.536083660
12.536083660	3.601900415	-3.158724438	12.598377317
12.598377317	-0.473236996	4.467282696	12.676404606
12.676404606	5.039493792	1.085654370	13.029407609
13.029407609	4.052555625	0.329225590	13.110764041
13.110764041	2.391543488	0.098983781	13.112563343
13.112563343	-1.730360882	3.028664864	13.054335455
13.054335455	0.121142397	-4.329105397	12.903127556
12.903127556	-9.010575300	0.987889179	12.494066541
12.494066541	-6.212284729	4.581887417	12.350912485
12.350912485	2.001353450	4.828807859	12.653641001
12.653641001	9.200267951	1.792129502	13.113037996
13.113037996	9.447085296	-3.946153273	13.337439021
13.337439021	-1.629597881	1.407827045	13.198987763
13.198987763	-3.172637157	-2.678999782	12.896635633
12.896635633	-9.493361880	-4.704712551	12.263318586
12.263318586	-15.180723156	-0.738692196	11.512918287
11.512918287	-11.530707871	-4.274844720	10.998239469
10.998239469	-10.170943455	-2.515757537	10.550571121
10.550571121	-8.045644163	3.539724149	10.482801842
10.482801842	3.140080244	-3.135073117	10.679337424
10.679337424	3.590970875	0.394908909	10.932972213
10.932972213	9.519830083	-3.254988124	11.436563261
11.436563261	9.066580542	3.514389069	12.203768700
12.203768700	17.763231253	-4.672428003	12.824123761
12.824123761	9.083526336	-0.864082822	13.203566710
13.203566710	3.939790380	-0.755625338	13.281025928
13.281025928	-1.527066370	-3.972434361	12.944442281
12.944442281	-10.482040849	-0.757076257	12.419718942
12.419718942	-11.217017294	1.724207726	11.974800585
11.974800585	-4.869010683	-0.308655602	11.917382304
11.917382304	-1.178463444	-2.739047976	11.767580253
11.767580253	-1.018894554	0.006195729	11.911053023
11.911053023	2.840562666	-0.281809373	12.107292357
12.107292357	6.041317409	-2.165375676	12.295527317
12.295527317	3.680897745	-2.212415913	12.498520632
12.498520632	1.789023939	1.027867622	12.518423813
12.518423813	2.797514044	1.811114705	12.691448345
12.691448345	4.329630280	2.811954007	12.984478197
12.984478197	6.746338293	3.811683184	13.396920997
13.396920997	7.611374866	-2.222872675	13.528673761
13.528673761	-1.168818964	2.333660945	13.442962099
13.442962099	-2.608888891	3.035946264	13.371640809
13.371640809	-2.152317737	1.489822226	13.260812258
13.260812258	-2.792961190	-0.486381388	13.002075719
13.002075719	-6.278463520	2.071876098	12.714311134
12.714311134	-3.804821903	4.076446461	12.644646120
12.644646120	1.495388149	-4.125272378	12.564644541
12.564644541	-4.654577269	-0.764899469	12.326696455
12.326696455	-4.461020875	-0.037638610	12.108076417
12.108076417	-2.248809502	-0.716676020	12.077100966
12.077100966	-0.040045988	-1.797933457	12.095345188
12.095345188	-0.204813377	1.114994767	12.162964934
12.162964934	2.851091531	1.532580520	12.509996155
12.509996155	6.383757168	-0.564961581	12.786916500
12.786916500	5.117100370	-4.373801980	12.772287783
12.772287783	-3.827380953	-3.971816325	12.488300166
12.488300166	-10.150580620	1.211491897	12.082238700
12.082238700	-4.778275527	1.246236072	11.980561956
11.980561956	-0.206981380	-2.964396223	11.974373122
11.974373122	-1.024012213	-4.813189940	11.863119049
11.863119049	-3.686194047	1.383433300	11.925424648
11.925424648	2.667938846	-1.070400974	12.039210859
12.039210859	4.319925042	-0.211765988	12.266796676
12.266796676	5.110607717	-1.375346827	12.482469643
12.482469643	3.968104057	-1.064165857	12.665461591
12.665461591	0.958365488	-2.255258872	12.623507575
12.623507575	-2.421968755	0.550867665	12.533964686
12.533964686	-1.223985276	2.327698533	12.646220742
12.646220742	2.770194581	-2.610900451	12.580536920
12.580536920	-1.534770801	-2.827802496	12.420579284
12.420579284	-5.446078413	2.165880468	12.338561523
12.338561523	0.028333144	2.541750255	12.381121784
12.381121784	5.164061246	0.279654842	12.717781860
12.717781860	4.727940427	-0.327614337	12.874885482
12.874885482	2.869888001	2.311376032	12.972617660
12.972617660	3.318268984	-4.702170559	12.958017679
12.958017679	-5.941508450	-4.951279520	12.420014126
12.420014126	-13.910480782	0.469683093	11.813980198
11.813980198	-9.009793800	-1.978184996	11.414262595
11.414262595	-6.491413245	3.092165837	11.388797103
11.388797103	3.916918388	2.429212504	11.835208302
11.835208302	12.716921414	-3.436430713	12.395207871
12.395207871	8.401638148	3.802199772	12.913099671
12.913099671	12.854004667	2.533800731	13.550687326
13.550687326	11.079492187	-2.072734379	13.858518737
13.858518737	1.968203857	-1.810139935	13.790251346
13.790251346	-6.396432371	0.039830094	13.331636544
13.331636544	-10.722517268	-0.422947123	12.696540605
12.696540605	-12.645639707	-1.962415658	11.961426769
11.961426769	-13.544325022	-1.946864686	11.461391075
11.461391075	-10.091386015	2.967454756	11.215788228
11.215788228	1.061299637	-3.671925154	11.256142813
11.256142813	1.420709865	2.538690716	11.547977430
11.547977430	10.752911077	1.545375346	12.208355538
12.208355538	15.579521876	2.271011884	13.001106420
13.001106420	16.622402015	4.020760015	13.884157387
13.884157387	16.896282741	3.295737185	14.604848810
14.604848810	14.834556582	3.251753306	15.366375489
15.366375489	13.925860170	-4.653659987	15.778094217
15.778094217	4.651921169	1.417491808	16.131221458
16.131221458	7.827986094	0.094085814	16.549027506
16.549027506	11.109453535	1.631488915	17.227366032
17.227366032	17.420824002	2.425224524	18.325507876
18.325507876	23.941407932	0.426164119	19.474389825
19.474389825	22.017696456	-3.919325148	20.237228631
20.237228631	9.161416534	3.540597949	20.681190152
20.681190152	6.630752743	1.235518010	20.923599768
20.923599768	2.652720491	2.448338730	21.049518776
21.049518776	0.409615519	-1.227604325	20.823908309
20.823908309	-4.833284266	0.498899205	20.493284293
20.493284293	-10.708474832	0.984272224	19.975379542
19.975379542	-13.902219324	1.968783264	19.247837013
19.247837013	-12.323901886	2.664921447	18.731345166
18.731345166	-7.907529346	2.023157548	18.447932565
18.447932565	-2.209136543	-2.309576127	18.305042145
18.305042145	-2.507720697	2.713625072	18.304464448
18.304464448	4.759587159	1.982817993	18.741167470
18.741167470	8.573650357	-2.206796644	19.019501806
19.019501806	4.272772900	-2.142835046	19.138886130
19.138886130	-0.154220277	0.575878152	19.068492228
19.068492228	-1.176347969	-1.525860672	18.949767409
18.949767409	-4.704760397	0.768293032	18.770544275
18.770544275	-2.952378703	-0.125286984	18.600752099
18.600752099	-1.338198178	-4.670912834	18.478243653
18.478243653	-6.758543331	-4.759732654	18.051134675
18.051134675	-10.133495084	-2.490384623	17.571927084
17.571927084	-6.716306396	-2.294480062	17.350175241
17.350175241	-3.952111895	1.115736081	17.417282410
17.417282410	4.011934685	-0.474413736	17.717473054
17.717473054	8.124612334	1.147818911	18.312237213
18.312237213	13.490383694	0.057633490	18.914897323
18.914897323	13.418839444	1.060352982	19.639936532
19.639936532	11.639091934	-4.404713929	19.849291260
19.849291260	-1.249096206	-0.944426159	19.633645364
19.633645364	-6.868962920	0.192975855	19.190840565
19.190840565	-9.771535023	4.382617685	18.951959631
18.951959631	-3.283563931	0.889087033	18.767165186
18.767165186	-1.239222663	0.864294215	18.750311738
18.750311738	0.259293478	2.613352160	18.865885254
18.865885254	3.711676511	1.894948632	19.159243986
19.159243986	5.323983342	-2.124740600	19.236688211
19.236688211	-0.902418801	3.071905755	19.270937551
19.270937551	1.477084659	1.382781333	19.308485018
19.308485018	-0.174901655	1.455644083	19.339243347
19.339243347	-0.426479812	2.454983307	19.282295826
19.282295826	1.239270081	3.874550781	19.400522748
19.400522748	2.874277145	-4.573703182	19.304483171
19.304483171	-7.554187950	1.532511423	19.003985911
19.003985911	-6.017956356	0.208483406	18.712732489
18.712732489	-5.150876960	3.696140851	18.634566695
18.634566695	2.613365782	-2.650977792	18.758521945
18.758521945	-0.998618605	4.379376643	18.845772144
18.845772144	6.414954657	-0.877210720	19.059665042
19.059665042	3.771995765	-1.107250546	19.217978519
19.217978519	0.368733324	-4.118648361	18.953672133
18.953672133	-7.481405644	2.084507915	18.685089085
18.685089085	-3.238677017	-1.050129399	18.492897648
18.492897648	-3.053252910	-3.444714161	18.311545965
18.311545965	-5.864570498	-1.358297013	18.076627800
18.076627800	-2.818167391	1.599697190	18.126072134
18.126072134	3.823159151	-0.491073435	18.356421837
18.356421837	6.095208448	-3.196939392	18.592217581
18.592217581	2.075164171	0.958669456	18.865266608
18.865266608	4.086344993	-2.136228685	18.908472468
18.908472468	0.221499592	0.521388076	19.001983872
19.001983872	0.636059941	-1.493828107	18.891450209
18.891450209	-1.835815106	1.527312009	18.822348350
18.822348350	0.319073485	1.052507855	18.908979051
18.908979051	1.496957165	-0.395660065	19.007262387
19.007262387	0.007375919	-2.718583657	18.845753210
18.845753210	-4.002170156	-2.732106793	18.537106241
18.537106241	-6.603344251	-4.343780010	18.151319509
18.151319509	-9.522623332	2.522566048	17.889644026
17.889644026	0.206935138	-3.311998099	17.852167690
17.852167690	-0.009726642	-3.492603409	17.880447666
17.880447666	-1.044647027	-1.558806630	17.941132713
17.941132713	2.931569158	-3.392358577	18.069656001
18.069656001	1.071606391	4.295503765	18.317226511
18.317226511	11.478235614	-3.540710819	18.814237423
18.814237423	6.689491668	3.824861729	19.269222314
19.269222314	9.715621078	-3.115462131	19.522449277
19.522449277	1.314820431	-4.452358739	19.316912679
19.316912679	-9.037033443	4.707420095	19.019774734
19.019774734	-3.119387198	-3.948929309	18.734469023
18.734469023	-7.902180932	0.133003495	18.430610327
18.430610327	-6.228003614	2.899477964	18.251788398
18.251788398	2.734137048	0.750701670	18.485250682
18.485250682	5.531818815	-4.849805782	18.607863059
18.607863059	-1.310164072	-0.979060939	18.579718774
18.579718774	0.630523067	-3.812695949	18.507525667
18.507525667	-4.743116854	-2.925934352	18.210113658
18.210113658	-5.439332992	-4.627597444	17.949252601
17.949252601	-7.061439988	-0.379158070	17.681913481
17.681913481	-1.252407419	-1.476105575	17.669074874
17.669074874	1.496654384	3.384029064	18.015574264
18.015574264	11.595823868	2.378073776	18.821758055
18.821758055	16.651009591	-3.079687340	19.379629479
19.379629479	8.778499282	0.271601757	19.718303009
19.718303009	3.985657281	-4.980363546	19.570174012
19.570174012	-8.305464230	-2.160491137	19.098707842
19.098707842	-13.536996061	2.884791334	18.521126747
18.521126747	-7.669713200	0.937538584	18.302949940
18.302949940	-1.841135904	-3.681283093	18.116705074
18.116705074	-3.654596739	-3.206499834	17.948380181
17.948380181	-3.425199766	-3.747180538	17.784986242
17.784986242	-3.129677080	1.152216915	17.802013821
17.802013821	3.757720748	0.623944560	18.125598683
18.125598683	9.271152450	1.544693512	18.670050454
18.670050454	12.940856787	-1.969193241	19.217871445
19.217871445	7.475240936	-1.776333249	19.487486818
19.487486818	1.561750770	-0.132610642	19.437659217
19.437659217	-1.645956759	-3.110374068	19.161091026
19.161091026	-9.541572114	3.426677226	18.823781928
18.823781928	-2.792620702	-2.329596901	18.593532635
18.593532635	-5.786628459	-3.777860899	18.286371978
18.286371978	-8.414334344	-3.057100179	17.848940551
17.848940551	-7.348943700	1.390528593	17.642469372
17.642469372	0.724704413	1.288415686	17.886955736
17.886955736	8.172761895	0.869622072	18.378997953
18.378997953	12.841023064	3.519546448	19.227683828
19.227683828	16.830187468	-1.168241496	19.828051379
19.828051379	9.589678166	2.900955211	20.234593712
20.234593712	7.014657581	-1.724061012	20.285566797
20.285566797	-2.506265453	-2.850235192	20.063187532
20.063187532	-12.686753137	-3.194239473	19.229180853
19.229180853	-19.078865274	-3.161044009	18.109489522
18.109489522	-21.303049733	-2.485415478	17.150371485
17.150371485	-17.796823755	1.822206405	16.519882799
16.519882799	-7.693769454	0.992558739	16.313180871
16.313180871	-2.115872703	2.261725883	16.370054923
16.370054923	5.108334495	4.371740887	16.906579554
16.906579554	15.257520832	2.366472048	17.889698351
17.889698351	23.578192487	-0.520540215	19.082842046
19.082842046	22.090490566	4.408492094	20.201727802
20.201727802	23.351954260	-2.720805882	21.049048042
21.049048042	10.794451924	1.031795542	21.481451169
21.481451169	7.344865217	-1.605126057	21.722923591
21.722923591	1.526616973	0.454390893	21.844841887
21.844841887	0.611015869	-0.146625460	21.796173001
21.796173001	-0.643591728	-4.646380805	21.619893617
21.619893617	-9.153445976	-4.472161439	20.830813734
20.830813734	-19.565560398	4.292731821	19.954446805
19.954446805	-16.048873244	-2.546988559	18.971149802
18.971149802	-21.786968997	-3.152518477	17.823325171
17.823325171	-22.836821397	0.337610914	16.977384577
16.977384577	-13.348241042	2.058098012	16.530804051
16.530804051	-4.011691972	2.647261968	16.485458899
16.485458899	4.328562709	-4.599822143	16.652600312
16.652600312	0.902034954	3.669883296	17.001681738
17.001681738	11.441102970	4.363084599	17.805590112
17.805590112	23.146984761	-3.069999624	18.894195267
18.894195267	18.033808436	3.593733283	19.811690468
19.811690468	20.121209444	-0.849101124	20.594579383
20.594579383	10.242940816	2.645309404	21.024878928
21.024878928	7.098703307	-4.021579217	21.133737140
21.133737140	-4.068475447	2.823380634	20.928030623
20.928030623	-3.842860718	-2.757971607	20.508419001
20.508419001	-12.821706136	-1.122948682	19.723037003
19.723037003	-18.303801582	-4.649263807	18.541368948
18.541368948	-26.605660424	3.027325502	17.564148166
17.564148166	-15.145513968	-3.096632053	16.853065443
16.853065443	-12.727064257	2.581806234	16.600507523
16.600507523	-2.439924385	2.334477001	16.718666655
16.718666655	5.981132537	-1.732987421	17.053444897
17.053444897	8.961064450	-4.133275273	17.429979888
17.429979888	7.471523391	-3.662216923	17.739454107
17.739454107	7.468364028	-3.281702404	18.047835206
18.047835206	5.707267609	-4.647687293	18.218195705
18.218195705	1.708725240	-2.142170666	18.318444287
18.318444287	1.601148392	-1.922077217	18.410182357
18.410182357	1.078069848	-3.350277321	18.306353171
18.306353171	-1.876497988	3.587151157	18.535893289
18.535893289	7.080543213	-4.816373635	18.619630576
18.619630576	-0.585084489	0.954661690	18.690021861
18.690021861	2.068051184	0.769603709	18.813847721
18.813847721	3.434110411	-3.290126511	18.887028096
18.887028096	-1.717206444	0.098739726	18.814191558
18.814191558	-1.335878689	2.561698884	18.869037237
18.869037237	3.146837210	-0.372618197	18.986533939
18.986533939	0.814907926	-4.497090640	18.843323851
18.843323851	-4.962330628	0.731322047	18.570312244
18.570312244	-2.866766457	-1.152839321	18.471780777
18.471780777	-1.791419345	-4.751541396	18.227108371
18.227108371	-5.906815624	3.687788696	18.200183198
18.200183198	3.220570221	3.109969194	18.627471064
18.627471064	10.800592623	-0.010325255	19.079674876
19.079674876	9.402270542	0.939361434	19.521866532
19.521866532	7.249291758	-4.744599151	19.590498961
19.590498961	-4.129502043	-1.232431131	19.251423436
19.251423436	-9.112206542	-2.971010994	18.708875855
18.708875855	-12.985556066	1.317444085	18.165866895
18.165866895	-7.002879640	-1.410888582	17.895977191
17.895977191	-2.993874759	-0.476237522	17.779021886
17.779021886	1.149192567	-0.207285847	17.945049755
17.945049755	5.999120234	-2.550491449	18.257457438
18.257457438	4.923004084	-2.272317633	18.449860709
18.449860709	2.869135191	-1.820641089	18.657086852
18.657086852	1.611854199	0.343998369	18.758326487
18.758326487	3.582082288	-3.914412944	18.757413638
18.757413638	-2.945448696	1.947459923	18.733780026
18.733780026	2.202956369	-0.854371203	18.747891744
18.747891744	0.205824684	-1.088482395	18.792382432
18.792382432	-0.703366781	3.519762581	18.881291238
18.881291238	4.178682638	-0.678929087	19.060148901
19.060148901	3.492128262	-2.160565622	19.031525728
19.031525728	-3.439060857	-3.099504964	18.759260796
18.759260796	-6.634983637	-0.684377547	18.392567289
18.392567289	-6.327819042	2.095892157	18.325001539
18.325001539	0.762411157	4.063350696	18.631498751
18.631498751	8.903312860	4.632415649	19.204956205
19.204956205	14.690546739	-4.141506989	19.680053417
19.680053417	3.331044725	-4.783145955	19.549831804
19.549831804	-7.970366822	0.713211501	19.081320591
19.081320591	-9.608696883	1.123223387	18.690379455
18.690379455	-6.216994131	-4.260811121	18.252975285
18.252975285	-10.774090654	1.951520647	17.979040414
17.979040414	-1.759788315	-1.944893387	17.919875064
17.919875064	0.379785890	0.296573206	18.077349155
18.077349155	5.655116319	-2.351633448	18.323235312
18.323235312	4.399815485	1.389478204	18.707061763
18.707061763	8.725621437	3.767770399	19.169761816
19.169761816	12.325531703	0.736438576	19.716062477
19.716062477	8.890547495	-1.331406814	19.946096683
19.946096683	0.348247877	1.106325169	19.900547232
19.900547232	-2.873347922	-3.878495168	19.558967544
19.558967544	-12.530875050	-0.101922153	18.874762684
18.874762684	-14.036755130	-0.634372283	18.191989313
18.191989313	-10.343458488	0.411208861	17.761191206
17.761191206	-4.819398215	3.361762231	17.837376939
17.837376939	6.231508257	-3.315230284	18.071203229
18.071203229	5.140249397	-4.641208510	18.266832450
18.266832450	1.123462082	4.607973060	18.586047057
18.586047057	10.605572925	-2.279069857	18.941683028
18.941683028	6.532110862	1.668079951	19.313312980
19.313312980	6.738682532	2.783262187	19.633050791
19.633050791	6.016709397	-3.434275754	19.604123852
19.604123852	-3.680955888	2.069494480	19.415451775
19.415451775	-3.811465804	-0.084428152	19.242954902
19.242954902	-6.782911054	-1.843458682	18.812692990
18.812692990	-9.600198004	4.385506543	18.587594657
18.587594657	-0.352497522	3.624863997	18.658105797
18.658105797	7.217934974	-1.363155921	19.036906017
19.036906017	3.696745377	-2.442489730	19.066068257
19.066068257	-1.791130454	4.354270123	19.111949914
19.111949914	3.909290848	0.742833544	19.238636858
