3
1000
0.185537128	-1.516906595	-0.829779953	-0.158958853
-0.158958853	-2.129165291	-4.076614052	-0.184798415
-0.184798415	-6.602366568	-1.032325258	-0.630037962
-0.630037962	-3.267485528	1.852195004	-0.436892975
-0.436892975	1.106375832	-4.726124068	-0.907131572
-0.907131572	-4.889925198	0.586898284	-0.279040801
-0.279040801	1.636782041	3.007445687	-0.027103938
-0.027103938	12.618239926	1.923226157	0.050826043
0.050826043	10.427129639	-4.149557886	0.321061066
0.321061066	0.790740513	3.781425034	0.668156340
0.668156340	4.265409402	4.578895302	1.009930745
1.009930745	7.420363901	-1.844843690	1.092278572
1.092278572	0.942490294	-4.817117227	0.433402949
0.433402949	-12.481551761	2.481656544	-0.092292688
-0.092292688	-8.580861098	-3.967739934	-0.699345264
-0.699345264	-15.011978258	-2.063858516	-1.064646012
-1.064646012	-12.592542852	-4.806330421	-1.703477417
-1.703477417	-12.815622470	-2.344533406	-2.424885266
-2.424885266	-6.279346967	0.741176055	-2.467941084
-2.467941084	-0.957393595	1.997583600	-2.120214996
-2.120214996	3.940822004	1.944001577	-1.454654486
-1.454654486	15.601857744	0.358964059	-0.543774704
-0.543774704	22.172918574	4.445947560	0.246160207
0.246160207	26.300684299	-3.625252959	1.255798019
1.255798019	14.043517591	-1.023231630	1.955759737
1.955759737	3.816896303	-1.522341403	1.823070343
1.823070343	-4.011847416	3.833060912	1.405459076
1.405459076	-1.650837917	-1.511016580	1.089790551
1.089790551	-15.564128530	-0.719088101	0.321904574
0.321904574	-15.092700360	4.494892587	-0.430149954
-0.430149954	-4.248763788	-0.918631972	-0.921469097
-0.921469097	-5.134472334	0.736794867	-0.730476377
-0.730476377	3.044674995	-1.733550982	-0.435825391
-0.435825391	1.937856954	-1.427302400	-0.304290770
-0.304290770	3.671244080	-4.841787572	-0.748553457
-0.748553457	-4.695745672	4.973228505	-0.319187067
-0.319187067	6.965396467	4.325954630	0.285985173
0.285985173	16.055853922	2.554630526	0.838651052
0.838651052	11.506121301	2.115247586	1.330221815
1.330221815	9.387078030	-4.737890131	1.723224100
1.723224100	-3.219277624	3.600279487	1.390765137
1.390765137	-4.554486272	3.420308924	1.519964602
1.519964602	-3.834254297	0.857592715	1.121064531
1.121064531	-9.922099893	-4.813527106	0.295506735
0.295506735	-15.108187516	3.071051956	-0.380590160
-0.380590160	-13.181906555	2.471216427	-1.086153801
-1.086153801	-7.590476470	-4.400823105	-1.102338513
-1.102338513	-4.024895909	-3.925058709	-1.308211007
-1.308211007	-6.515690545	0.597169821	-1.198395745
-1.198395745	1.719861307	4.672763300	-0.721472113
-0.721472113	10.985866781	-2.476742554	-0.041063442
-0.041063442	14.464458758	0.813589273	0.444038126
0.444038126	12.226306599	-2.601522409	0.545234415
0.545234415	-1.488451078	3.289808996	0.862922467
0.862922467	3.019468986	-4.299778563	0.606834897
0.606834897	-7.239217506	0.688514371	0.173557069
0.173557069	-9.225763810	0.797452192	-0.116701245
-0.116701245	-8.031205184	2.453344309	-0.439927363
-0.439927363	-0.415811369	-4.336651656	-0.458224937
-0.458224937	-6.617238162	-2.898259901	-0.674366031
-0.674366031	-7.791006673	-2.396849014	-0.928717219
-0.928717219	0.069305569	1.394608809	-1.175234493
-1.175234493	5.797152808	-2.367032295	-0.563042703
-0.563042703	7.710247968	2.721780295	-0.452881347
-0.452881347	11.814509383	-4.860484270	0.433668755
0.433668755	3.081182117	4.490163207	0.461014163
0.461014163	7.521883996	4.156063498	0.823809080
0.823809080	10.432582476	-0.140093329	1.331061874
1.331061874	3.009137153	4.261814267	1.218138171
1.218138171	2.819507070	4.632625284	1.555286894
1.555286894	1.478752223	-3.649208420	1.594020852
1.594020852	-10.449907144	4.479702112	1.050038145
1.050038145	-9.329558757	-3.238037444	0.555423111
0.555423111	-12.308614303	3.094906921	0.111175326
0.111175326	-9.406993813	0.820141799	-0.452517183
-0.452517183	-6.032819130	4.053923187	-0.558866389
-0.558866389	3.234866991	2.986035912	-0.602118715
-0.602118715	9.832092754	0.991103076	0.541287162
0.541287162	8.664492161	-0.663236510	0.706838046
0.706838046	3.232058284	3.928887085	0.941674955
0.941674955	4.752265093	2.879292338	1.234924549
1.234924549	6.695735905	-0.798063200	1.485648553
1.485648553	-3.837366176	-4.995979751	0.722277397
0.722277397	-13.911179116	4.737835384	0.133742340
0.133742340	-10.303390588	0.747115047	-0.235225212
-0.235225212	-5.096742359	0.868333407	-0.318773378
-0.318773378	-1.043697183	2.550821885	-0.302430382
-0.302430382	4.706395149	-1.773190032	-0.184430715
-0.184430715	2.611398860	-1.178972480	0.014025056
0.014025056	1.322841663	-1.826160540	0.063857003
0.063857003	-2.513004411	4.738020779	0.034472838
0.034472838	6.548586599	-0.732989907	0.577909988
0.577909988	3.853091115	3.799982886	0.436312310
0.436312310	7.966519722	-2.297917380	0.714667133
0.714667133	-1.616781636	0.277146463	0.476235733
0.476235733	-3.755583887	2.331425253	0.277813130
0.277813130	-3.439368423	0.688579907	0.109054567
0.109054567	-4.103225006	-4.317906516	-0.218877342
-0.218877342	-5.806926582	4.828171137	-0.191492003
-0.191492003	1.168877356	3.749616450	-0.107659058
-0.107659058	6.607494510	-3.390285632	0.206795412
0.206795412	0.563262794	-2.749600422	0.266999737
0.266999737	-4.614673334	4.163055535	-0.085111209
-0.085111209	2.744172381	-3.891086993	-0.113056573
-0.113056573	-5.605386082	2.285856680	-0.077932009
-0.077932009	1.206064866	3.516718749	-0.210014627
-0.210014627	5.553680263	-2.663338608	0.114667469
0.114667469	0.558020099	-0.228590130	0.247155435
0.247155435	-6.382617291	0.440101188	0.041803171
0.041803171	-1.223522216	2.515278171	-0.071782411
-0.071782411	0.963933616	2.852960282	0.420324446
0.420324446	4.738563804	3.729223764	0.768246061
0.768246061	8.944208112	4.498059914	1.090453198
1.090453198	10.540316939	-4.012565982	1.309475033
1.309475033	-6.522354573	1.102408126	0.968027745
0.968027745	-7.494088295	2.702387346	0.657615160
0.657615160	-6.781006261	-2.429307012	0.133556738
0.133556738	-10.078091633	2.965886780	-0.418376559
-0.418376559	-6.595481576	4.904717836	-0.210047896
-0.210047896	10.263268759	4.013084363	0.176465863
0.176465863	8.217828485	1.366044000	0.413113303
0.413113303	6.615638752	-1.442948290	0.729054808
0.729054808	0.300481753	2.456371927	1.029915835
1.029915835	1.057528439	3.623462528	0.917869460
0.917869460	0.730322221	-3.113631990	0.622047167
0.622047167	-9.851513985	4.897517077	0.619766773
0.619766773	-3.747888095	-2.378269162	0.112698726
0.112698726	-10.548027555	-4.430705616	-0.538914132
-0.538914132	-15.021417559	2.986042448	-0.760181021
-0.760181021	-4.161037846	0.934324495	-0.856924125
-0.856924125	3.170424395	2.498583107	-0.418884203
-0.418884203	7.160635593	4.594343211	0.167675512
0.167675512	18.482077527	2.093872512	0.872137869
0.872137869	12.836533337	-2.785672657	1.217175359
1.217175359	4.090897153	-0.713811713	1.577132382
1.577132382	-1.473250500	3.029632374	1.409557442
1.409557442	-5.068296202	-1.575458802	0.889792271
0.889792271	-14.415923112	3.240098704	0.071670241
0.071670241	-11.776229766	-4.216131001	-0.407328434
-0.407328434	-20.107132319	-0.414161863	-0.933977606
-0.933977606	-8.222797937	2.548614814	-1.183082612
-1.183082612	-0.394577235	-0.475951733	-0.721960459
-0.721960459	3.499681360	-0.259960734	-0.999277121
-0.999277121	8.646794387	4.046861603	-0.048425999
-0.048425999	12.454400233	-3.743586189	0.292538021
0.292538021	11.333670293	0.386272826	1.003990058
1.003990058	2.551527285	2.959669419	0.691382923
0.691382923	3.911200282	-3.422699301	1.164283782
1.164283782	-5.410316028	4.058094960	1.027618376
1.027618376	-4.465767870	2.318004091	0.212059366
0.212059366	-6.074296936	-2.501493198	-0.135537792
-0.135537792	-8.938577350	3.126105880	-0.172526505
-0.172526505	5.070880549	3.190891786	-0.160919210
-0.160919210	5.227776860	0.336533450	0.137107270
0.137107270	3.523676304	-1.334433561	0.051651283
0.051651283	1.056136476	4.388864774	0.213490989
0.213490989	4.694386521	3.910189543	0.919649812
0.919649812	7.411951834	-1.740101882	0.768850540
0.768850540	0.283982720	1.902278682	0.365665781
0.365665781	-1.317909366	-2.099031483	0.512290192
0.512290192	-5.440695450	-1.885557859	-0.225094079
-0.225094079	-11.839294141	-0.735252115	-0.317602303
-0.317602303	-7.886845235	4.318611166	-0.818619458
-0.818619458	-0.608068347	4.202065143	-0.469034714
-0.469034714	8.069703863	-2.726902637	-0.035128131
-0.035128131	7.994613274	1.070941620	0.437253221
0.437253221	3.817709012	-3.148696017	0.424544926
0.424544926	-3.894279823	0.742190888	0.411997896
0.411997896	-2.908329491	-2.711863290	-0.085260532
-0.085260532	-7.208232350	0.190159841	-0.129262867
-0.129262867	-5.801594595	4.967534252	-0.063876955
-0.063876955	4.590218085	4.759890683	-0.053399613
-0.053399613	10.285003177	-4.675736747	0.353284496
0.353284496	4.804479559	-0.482668513	0.599635640
0.599635640	-0.633058505	-3.320167068	0.213470695
0.213470695	-7.631965587	3.242378396	-0.601097517
-0.601097517	-3.380005079	-0.231176665	-0.080525042
-0.080525042	-1.272266829	-0.079281985	-0.359849984
-0.359849984	-1.255375091	-0.425950839	-0.402401389
-0.402401389	2.457247618	2.582782605	-0.136671766
-0.136671766	5.145104708	-2.797657738	0.054997400
0.054997400	-1.277342644	2.548914571	0.162514671
0.162514671	4.622349150	-1.874986215	0.039252439
0.039252439	-5.810825195	2.701499563	0.351884223
0.351884223	-4.349477068	0.190823222	0.375444852
0.375444852	-0.194769534	1.724698447	0.382091122
0.382091122	-0.618903675	4.147886867	0.614454294
0.614454294	5.693326043	3.593178061	0.744288935
0.744288935	5.060111147	1.736984239	1.057117833
1.057117833	2.974848598	0.605299905	0.925235660
0.925235660	-0.029088869	3.558283673	1.085264073
1.085264073	-1.001498124	-2.103972538	0.739362329
0.739362329	-10.797597308	3.076984091	0.219879911
0.219879911	-5.302124248	2.672845084	0.099853970
0.099853970	-4.634764553	2.444731531	-0.045151184
-0.045151184	-0.515966737	-3.010520766	-0.298631731
-0.298631731	-3.199684044	-4.733721153	-0.479443544
-0.479443544	-12.132277354	2.997765369	-0.408366510
-0.408366510	-0.081684367	-2.923743382	-0.816827186
-0.816827186	0.395718011	0.538846111	-0.577317835
-0.577317835	3.667339310	-0.646940424	-0.620368614
-0.620368614	9.044595501	-0.219686920	-0.432882790
-0.432882790	5.562137162	-3.401663497	-0.151400132
-0.151400132	1.749197431	-0.957980942	0.043264972
0.043264972	1.779891969	-3.112549331	-0.095206550
-0.095206550	-1.827275939	-2.892676079	-0.375266053
-0.375266053	-7.086815990	1.382187106	-0.539303470
-0.539303470	-1.261945909	2.316064712	-0.783303291
-0.783303291	8.917001323	2.821818168	-0.057551208
-0.057551208	10.527807325	-3.077499832	0.679700444
0.679700444	3.303094481	-4.198963562	0.347053624
0.347053624	-6.121477424	0.306974385	-0.201143946
-0.201143946	-4.860549589	-2.935459411	-0.349957973
-0.349957973	-12.235907932	-2.384504482	-0.926528346
-0.926528346	-4.238983270	2.875518397	-0.800903222
-0.800903222	-3.578346680	-3.228388356	-0.959477298
-0.959477298	0.598064295	2.871162897	-0.697744418
-0.697744418	8.743560085	2.400775432	0.162698730
0.162698730	14.912695761	-2.833827917	0.822524301
0.822524301	0.772831273	-3.234509657	0.569418522
0.569418522	-3.286725973	3.602369974	0.616943954
0.616943954	6.517213834	2.587469310	0.637671783
0.637671783	3.194787663	-2.219149514	0.450520080
0.450520080	-2.658561798	0.166887829	0.223766262
0.223766262	-3.807196328	-1.251240565	-0.214703436
-0.214703436	-6.298778351	1.132112115	-0.301982911
-0.301982911	0.717997082	-4.968871422	-0.732185564
-0.732185564	-7.937964439	-2.606842926	-0.828282686
-0.828282686	-5.139338491	-1.979032687	-1.229934911
-1.229934911	-3.852960845	-2.132883504	-1.214429648
-1.214429648	0.135504813	1.138710897	-0.811962915
-0.811962915	6.745355237	-0.558828930	-0.491743542
-0.491743542	8.412718962	-1.543011788	-0.172713510
-0.172713510	9.207441984	-0.327541761	0.252598573
0.252598573	7.862519301	3.773604747	0.790624007
0.790624007	7.221063243	-0.430342994	1.045772125
1.045772125	3.464828958	-0.670184930	0.897918530
0.897918530	-3.589113446	2.667745872	0.465174622
0.465174622	-2.729128216	3.428998402	0.601313296
0.601313296	-2.362777939	4.427625754	0.389608675
0.389608675	3.340394047	3.479393924	1.077644229
1.077644229	4.005820611	0.402609404	0.525178929
0.525178929	2.198668832	3.379779620	0.694406227
0.694406227	4.295356080	-4.222854297	0.592051982
0.592051982	-7.848039809	-4.910608976	-0.362554264
-0.362554264	-15.234810420	-0.601691858	-1.223077725
-1.223077725	-9.784826556	-0.221379956	-1.461400277
-1.461400277	-3.946656745	3.959699670	-1.425603387
-1.425603387	5.486134550	-0.814219742	-1.304681778
-1.304681778	14.889472228	0.057420175	-0.685513802
-0.685513802	11.802903677	-2.057843118	0.159688090
0.159688090	9.655564701	-4.859077058	0.565196830
0.565196830	0.242120404	0.070799233	0.254630816
0.254630816	-0.694737535	2.778484769	0.198132522
0.198132522	-2.706194184	-3.202057023	-0.029358843
-0.029358843	-5.685557658	-0.913627750	-0.174518457
-0.174518457	-3.224602977	4.752223424	-0.239758947
-0.239758947	4.565392395	1.363061259	-0.092174929
-0.092174929	7.433382359	1.195867394	0.204390576
0.204390576	5.020705908	-0.670614913	0.372949798
0.372949798	3.484743095	1.973688756	0.551809385
0.551809385	1.144835906	-2.047112056	0.693173666
0.693173666	-8.072123087	3.553564126	0.492941045
0.492941045	-1.080833276	0.853484589	0.149633608
0.149633608	0.415550724	4.218683055	0.282173579
0.282173579	1.669715275	1.824537098	0.682996663
0.682996663	2.499951444	-0.832760376	0.310763106
0.310763106	-2.633230283	2.797442955	0.603838605
0.603838605	1.158537887	-3.554022792	0.296496755
0.296496755	-6.689146722	1.884973179	-0.032082019
-0.032082019	-5.523543866	-2.727024591	-0.469140858
-0.469140858	-7.123759069	-1.446920884	-0.612482949
-0.612482949	-5.451940360	2.073166027	-1.009044119
-1.009044119	1.912692646	-3.300592858	-1.027140082
-1.027140082	0.137601931	3.753327264	-0.451281482
-0.451281482	6.898832861	-0.710676660	-0.161612060
-0.161612060	10.808922152	-1.575593589	0.297038377
0.297038377	4.212903790	3.003322458	0.579835979
0.579835979	4.594256961	-3.545343897	0.722765205
0.722765205	-2.945516052	3.596509536	0.473165353
0.473165353	5.225755957	-3.752486999	0.235389940
0.235389940	-7.724269964	4.482991741	-0.052401878
-0.052401878	-1.833435559	0.656621125	0.080427378
0.080427378	1.783486989	0.992697557	0.162105721
0.162105721	-0.954814369	0.793605403	-0.013294779
-0.013294779	-1.125963060	4.913465087	0.269239993
0.269239993	8.785330025	-0.772473384	0.516094039
0.516094039	-0.374146211	-4.520074360	0.546279208
0.546279208	-7.982114555	2.035193311	0.394920032
0.394920032	-6.036500648	-3.118057400	-0.226530667
-0.226530667	-9.377663809	2.953011674	-0.488678036
-0.488678036	-2.101797442	-4.715091505	-0.744697658
-0.744697658	-5.542928119	-2.707949727	-0.709394439
-0.709394439	-5.266365755	-0.302109599	-0.954817620
-0.954817620	3.824648223	2.744101333	-0.844964674
-0.844964674	12.016308304	-1.450471489	-0.346576635
-0.346576635	14.575671533	-4.564657362	-0.308124137
-0.308124137	1.769422980	0.167063598	0.206569877
0.206569877	3.955919693	1.309592003	0.261890776
0.261890776	3.237776210	-0.481637506	0.231941562
0.231941562	-2.098942245	-0.051569158	0.016268351
0.016268351	-0.715723104	-1.306000744	0.023195776
0.023195776	-0.741762298	-0.229870056	-0.135649641
-0.135649641	-4.357237336	0.276187723	-0.301258338
-0.301258338	-5.904631972	-4.279879648	-0.410260356
-0.410260356	-2.935436606	-2.088460594	-0.624662918
-0.624662918	-4.760511094	-3.906170858	-1.231148663
-1.231148663	-6.055336788	-3.563930021	-1.303124433
-1.303124433	-3.648924213	2.969622520	-1.355750088
-1.355750088	2.958960665	-2.097020029	-0.974762088
-0.974762088	7.634418876	-1.013409401	-0.637272041
-0.637272041	5.860613505	-4.290815995	-0.103152434
-0.103152434	1.877339700	-3.862036436	-0.170395917
-0.170395917	-0.192141197	-1.789736858	-0.080516714
-0.080516714	-0.258168525	3.344865140	-0.556702107
-0.556702107	4.137117255	-4.602712933	-0.052098020
-0.052098020	-1.766696341	-1.508325870	-0.181299139
-0.181299139	-2.111662162	0.396491101	-0.429799755
-0.429799755	-0.354558069	3.770343893	-0.099550915
-0.099550915	6.070129675	-1.716386099	-0.203911347
-0.203911347	3.050592569	1.714291711	0.308918507
0.308918507	3.695150708	3.701917462	0.682967525
0.682967525	4.002559185	0.715420927	1.160440383
1.160440383	3.865650113	3.741259356	1.021372857
1.021372857	1.553587070	-2.161981651	1.217350038
1.217350038	-6.969811263	0.546673108	0.385642013
0.385642013	-7.836074388	1.687966059	0.242034185
0.242034185	-5.519043210	-1.741900334	-0.256179164
-0.256179164	-10.633229148	2.626320954	-0.558355416
-0.558355416	-4.145646322	-4.585249204	-0.581781959
-0.581781959	-5.168559505	1.938554114	-0.674385937
-0.674385937	-1.375127350	2.677889777	-0.553985071
-0.553985071	7.984042354	-3.652068820	0.004830295
0.004830295	4.034241866	-4.476870536	-0.065628529
-0.065628529	0.204472239	1.174610120	-0.332014766
-0.332014766	1.357981140	-0.459409439	-0.014858807
-0.014858807	1.242548241	1.562015477	-0.185835458
-0.185835458	1.603743804	-4.490876165	0.042189429
0.042189429	-6.536537940	-0.783421140	-0.625635608
-0.625635608	-1.680324091	-0.268880471	-0.585962358
-0.585962358	-1.296234458	3.414221568	0.138533347
0.138533347	11.566285250	-2.605889559	0.223009951
0.223009951	1.922581985	1.139340024	0.028309931
0.028309931	1.125236414	3.978507177	0.436256727
0.436256727	4.983213481	4.408279632	0.936351310
0.936351310	10.725096720	3.704248568	1.201150585
1.201150585	9.745676762	2.323748992	1.466372069
1.466372069	2.623784640	3.146191813	2.003620321
2.003620321	4.220207356	3.424458100	1.924052233
1.924052233	4.913177347	-2.517092710	1.810245166
1.810245166	-5.002828767	-0.783340652	1.744415451
1.744415451	-9.589910818	-2.966191672	0.762176169
0.762176169	-20.859879950	-0.132492552	-0.224810672
-0.224810672	-21.905950819	1.248212942	-1.127501304
-1.127501304	-14.941284431	3.837555082	-1.376537151
-1.376537151	-1.891518943	-2.729988348	-1.518711884
-1.518711884	5.439802134	-3.685843395	-1.099194801
-1.099194801	1.037121409	1.021836539	-0.920141398
-0.920141398	9.472593322	0.956250981	-0.247021398
-0.247021398	15.865813507	-4.408227928	-0.105778830
-0.105778830	7.779185468	0.346790572	0.257315209
0.257315209	6.045585622	-4.926810307	0.589300838
0.589300838	-5.170544619	0.883673329	0.198030087
0.198030087	-6.248280504	3.225781525	0.010680611
0.010680611	0.707499435	-3.770452284	-0.029107391
-0.029107391	-6.152225788	-3.732642909	-0.254392480
-0.254392480	-11.212931807	-2.998178836	-1.219395302
-1.219395302	-4.964725598	-1.966543283	-1.241984045
-1.241984045	-3.124827024	0.820299763	-1.219090630
-1.219090630	3.396617722	0.071194235	-1.099608477
-1.099608477	6.186608289	-2.358623558	-0.488075209
-0.488075209	7.793612752	-2.555520006	0.083464641
0.083464641	6.281107100	-4.280527798	-0.074833127
-0.074833127	-3.589020168	3.061631630	-0.115192414
-0.115192414	5.134148965	-0.183037170	0.165606782
0.165606782	4.466214270	-0.512627412	0.258934668
0.258934668	-4.117218115	1.971485288	0.474178380
0.474178380	5.024344536	2.608024563	0.266338485
0.266338485	2.590479109	-2.662313074	0.614817716
0.614817716	-2.978567674	-1.794353460	0.139811873
0.139811873	-9.785533403	2.600017523	-0.202125879
-0.202125879	-6.013563267	-3.849649879	-0.297637909
-0.297637909	-5.445063642	3.207464986	-0.606483025
-0.606483025	0.240540319	-0.088900387	-0.476832422
-0.476832422	0.661881300	-0.383979191	-0.011248153
-0.011248153	2.877680574	2.293976983	0.076935938
0.076935938	10.139451607	3.434941261	0.601711918
0.601711918	7.852277529	1.570654246	1.028966995
1.028966995	5.456318276	0.295466105	1.443980634
1.443980634	-0.474865391	3.709456092	1.466724568
1.466724568	-1.875703784	1.830743663	0.952203569
0.952203569	-0.100612872	3.785878632	0.989763125
0.989763125	-2.346891313	1.671187887	1.001227642
1.001227642	-0.691858391	1.353709615	1.080891928
1.080891928	-4.686368004	1.282395971	0.389312395
0.389312395	-7.554347963	-3.021672154	-0.096719716
-0.096719716	-6.530590119	4.919450119	-0.421496361
-0.421496361	-3.475971492	0.188042507	-0.669921692
-0.669921692	2.072536688	-1.296943062	0.071004181
0.071004181	5.585700819	-0.860801543	-0.265614209
-0.265614209	0.630867999	-3.507639677	-0.227522249
-0.227522249	-2.970325875	0.609487551	-0.414157822
-0.414157822	3.422007791	-0.800064480	-0.145594668
-0.145594668	-0.686163414	-4.777284885	-0.443700748
-0.443700748	-1.120955782	1.857568992	-0.672687916
-0.672687916	3.438392705	-3.772278706	-0.501972734
-0.501972734	-3.466316064	0.834063146	-0.314006126
-0.314006126	5.630184897	-2.965661756	-0.368559379
-0.368559379	3.980047109	2.002894376	-0.288739866
-0.288739866	3.557853628	-0.041736029	-0.081030051
-0.081030051	4.649529183	4.247408135	0.547463025
0.547463025	8.834839681	-2.455618977	0.739971695
0.739971695	0.677115357	-2.024252847	0.751896469
0.751896469	-3.007886351	-3.818073707	0.016085925
0.016085925	-11.012428693	0.905205476	-0.496828810
-0.496828810	-10.524252913	1.383553207	-0.696873390
-0.696873390	-0.166091423	3.805385976	-0.460040240
-0.460040240	6.902045362	-2.461113791	-0.416322687
-0.416322687	3.195683385	-1.178993575	-0.133706772
-0.133706772	4.047027177	-4.206584170	0.135911284
0.135911284	-8.127953298	1.150157250	-0.133273588
-0.133273588	-2.304813890	1.783769723	-0.199500013
-0.199500013	5.476333194	-3.251034910	0.124606402
0.124606402	-2.926611044	4.825897893	0.059842387
0.059842387	7.829802322	2.802245797	0.449109076
0.449109076	9.164684460	-0.162730488	0.681557479
0.681557479	2.985399522	-3.997653569	0.749927129
0.749927129	-6.858823442	1.043068437	0.516459382
0.516459382	-6.110631422	-1.070270021	-0.044389322
-0.044389322	-8.105597166	-1.061159921	-0.513270156
-0.513270156	-7.210706559	-3.638868458	-0.644087793
-0.644087793	-6.798354923	-2.820310699	-1.076250784
-1.076250784	-5.594126579	0.988208906	-1.027054537
-1.027054537	5.407253577	2.005330726	-1.185461558
-1.185461558	8.160178846	-3.325581425	-0.788305494
-0.788305494	4.463418027	1.605983559	-0.342865614
-0.342865614	10.448992258	0.028243835	0.459071356
0.459071356	8.904844014	0.379877201	0.750836027
0.750836027	5.894404991	0.367683219	0.974966947
0.974966947	-0.058873596	1.784824540	0.929905514
0.929905514	1.384025784	-1.419200860	0.861132952
0.861132952	-8.308495605	0.968885249	0.073360742
0.073360742	-7.378316153	2.396119625	-0.567579826
-0.567579826	-3.507071168	0.182815803	-0.452070682
-0.452070682	-1.391816876	2.679628783	-0.075973116
-0.075973116	5.002851737	3.009945558	0.016194926
0.016194926	9.940550499	-4.252685550	0.345011693
0.345011693	1.886271629	2.650051483	0.615880779
0.615880779	5.802044914	3.960434916	0.284738489
0.284738489	3.162371652	-4.294579553	0.328492028
0.328492028	-3.206602378	4.718200730	0.341036060
0.341036060	-0.273302695	1.851729969	0.327378373
0.327378373	3.643366969	-1.463522129	0.181354599
0.181354599	-6.986817170	2.256425455	0.319761879
0.319761879	-1.584975802	3.846818943	0.240679014
0.240679014	2.859722474	2.965585875	0.777005968
0.777005968	5.328794461	4.281090785	1.110057741
1.110057741	7.451171549	4.519351676	1.315814481
1.315814481	8.025011150	-1.272511979	1.645224444
1.645224444	1.717976587	1.052128951	0.797830019
0.797830019	-5.816103954	-1.657235950	0.791385961
0.791385961	-10.455572878	0.268518759	0.089887522
0.089887522	-9.392232347	4.332023382	0.150694134
0.150694134	-7.822928909	4.573949263	-0.649236321
-0.649236321	3.088041878	-4.424164944	-0.258398380
-0.258398380	-3.145690034	-4.443015873	-0.417597068
-0.417597068	-7.827853513	4.536770185	-0.344760293
-0.344760293	1.689298471	0.030051951	0.011944993
0.011944993	5.994398259	2.580616581	0.039321462
0.039321462	8.639728159	3.905068324	0.603429429
0.603429429	14.558359554	-3.984185241	1.171316061
1.171316061	2.294195592	-2.153760310	0.517504702
0.517504702	-5.841839807	4.225044973	0.294176803
0.294176803	-5.809455481	1.319949505	0.243661030
0.243661030	-8.331025513	-3.400812114	-0.215524708
-0.215524708	-7.114975793	-3.346815095	-0.283828136
-0.283828136	-12.557836207	0.738028692	-1.097990299
-1.097990299	-4.353295408	1.296079567	-0.661852201
-0.661852201	0.559354193	3.632264817	-0.669890166
-0.669890166	7.873841616	-2.471585179	-0.042801162
-0.042801162	7.077970858	-4.898275437	0.269436846
0.269436846	-0.914709615	-2.216718692	0.128433717
0.128433717	-4.582720629	-2.303452988	-0.192830773
-0.192830773	-6.512145037	2.025230340	-0.462950542
-0.462950542	-2.311273348	-1.466056530	-0.244244727
-0.244244727	3.641930753	4.370803848	-0.046685050
-0.046685050	10.747325624	-3.146194754	-0.111758439
-0.111758439	3.376187049	-2.164554864	0.054348614
0.054348614	-2.998662443	-3.147107606	-0.099619864
-0.099619864	-2.114388899	4.473759180	-0.182507837
-0.182507837	4.788008110	1.449416725	0.049554868
0.049554868	6.474265595	-3.568102183	-0.271882091
-0.271882091	-1.614340987	-0.661601728	0.023610899
0.023610899	-5.146543918	-0.348660565	-0.394002382
-0.394002382	-0.865265633	-1.085696370	-0.366618779
-0.366618779	-1.090781156	4.898834533	-0.521236391
-0.521236391	3.812753589	-2.690114407	0.233150757
0.233150757	0.364858226	4.351531155	0.447489120
0.447489120	6.145741932	4.477640661	0.791280419
0.791280419	6.742805162	-0.319504451	0.916173253
0.916173253	1.601556362	-4.852179133	0.927274652
0.927274652	-10.118437087	1.744988442	0.293868881
0.293868881	-12.359749681	2.802023371	-0.123592485
-0.123592485	-7.520186723	-2.076862380	-0.500427477
-0.500427477	-5.486797113	3.699761803	-0.796509910
-0.796509910	1.782346743	-3.795991231	-0.134553120
-0.134553120	-3.448329526	4.071090552	-0.249369583
-0.249369583	8.211445421	-4.728411707	-0.105193953
-0.105193953	2.080517532	3.684881163	-0.039618193
-0.039618193	6.466185281	3.974982823	0.495423741
0.495423741	10.788546369	0.061311288	0.970216961
0.970216961	5.556857002	0.203136359	0.859543528
0.859543528	-3.132945265	3.248585624	1.069979571
1.069979571	-2.061285975	4.698705703	1.189264548
1.189264548	1.052715233	0.812353423	1.055270262
1.055270262	-4.229574248	-4.164657929	0.657779067
0.657779067	-10.910526748	2.651839567	-0.172965390
-0.172965390	-8.402507430	-3.921860992	-0.700626379
-0.700626379	-13.799896708	-0.902687389	-1.121120614
-1.121120614	-4.992415279	1.721444097	-0.836977938
-0.836977938	1.275801081	4.498463889	-0.820393239
-0.820393239	10.884264155	-0.937115723	-0.258419759
-0.258419759	13.766455922	-1.855827776	0.053181647
0.053181647	10.492677345	3.786609763	0.820585809
0.820585809	13.144248705	4.410132668	1.531762071
1.531762071	9.448279730	-3.162605881	1.225929804
1.225929804	-3.583603283	3.922739293	1.559413059
1.559413059	-1.588009565	4.814104658	1.530783301
1.530783301	-3.018779516	-3.307858153	1.095484408
1.095484408	-9.378134023	-1.883860865	0.611753834
0.611753834	-13.628086586	1.508312567	-0.189927569
-0.189927569	-14.113465016	1.604577276	-0.899402028
-0.899402028	-3.254600700	4.666124926	-0.762420721
-0.762420721	6.486507125	-1.889869321	-0.728688283
-0.728688283	5.457647428	-2.635303487	-0.126868826
-0.126868826	2.538537446	2.918638756	-0.017992382
-0.017992382	8.926887674	4.007422151	0.201753903
0.201753903	9.568300163	0.534337062	1.053695813
1.053695813	8.344322064	3.542379729	1.333727705
1.333727705	7.249768210	-1.708539982	1.285599433
1.285599433	-3.519903914	0.942908536	1.540869062
1.540869062	-1.564423146	-2.518885359	0.699032548
0.699032548	-15.360863241	-4.334291969	-0.343610414
-0.343610414	-19.846363075	1.254353783	-1.249976979
-1.249976979	-9.615440391	-1.288528155	-1.574962246
-1.574962246	-8.621113008	4.424988742	-1.633881487
-1.633881487	7.465101378	4.394188709	-0.828571275
-0.828571275	16.942508658	-2.882786652	-0.148713829
-0.148713829	16.117953992	1.316207453	0.650993261
0.650993261	16.520034541	-1.097352954	0.852952137
0.852952137	4.546488315	0.874200192	1.106771134
1.106771134	-1.597319571	-3.947374733	0.839994382
0.839994382	-12.751521228	2.783008901	0.890700310
0.890700310	-8.489472073	3.790664014	0.117713745
0.117713745	-0.831308893	4.762382646	0.311512813
0.311512813	3.575657485	-1.887039175	0.158060275
0.158060275	1.806810251	3.599985916	0.543713545
0.543713545	3.026697844	-2.421070156	-0.081966458
-0.081966458	-1.406385146	4.854449149	0.186471892
0.186471892	1.691017827	0.655542354	0.229479323
0.229479323	0.469120371	-1.731693151	0.369346413
0.369346413	-6.292975187	2.996608375	0.338871077
0.338871077	3.056638307	2.769841920	0.361414773
0.361414773	4.936697156	0.153936931	0.649936363
0.649936363	3.750488773	-4.717573798	0.013450094
0.013450094	-7.539281005	-1.090812885	-0.019035507
-0.019035507	-10.572886509	-3.220276645	-0.627178125
-0.627178125	-5.552647235	-2.091938450	-1.044057885
-1.044057885	-8.000118512	0.353808917	-1.446488135
-1.446488135	-1.067637824	4.978842782	-0.774779486
-0.774779486	12.876716961	-4.584257661	-0.455894922
-0.455894922	10.000162769	2.345850141	0.451532130
0.451532130	15.583694453	-4.488890962	0.701947009
0.701947009	1.118444580	0.519950272	0.502285324
0.502285324	1.031906120	1.021466271	0.750320966
0.750320966	-3.704508976	-1.993677115	0.114371807
0.114371807	-7.379865585	-4.581224297	0.108320861
0.108320861	-14.716109314	-1.046495262	-0.771357263
-0.771357263	-11.155080422	1.475529858	-1.233061115
-1.233061115	-4.995296225	-3.018007707	-1.164619232
-1.164619232	-1.160433288	2.131639732	-1.115457138
-1.115457138	10.943086946	2.189394881	-0.318690817
-0.318690817	13.144605633	3.476267092	0.365886311
0.365886311	21.316689016	-0.834332710	1.115413899
1.115413899	11.611102277	3.635929549	1.867111974
1.867111974	10.439633590	3.754038623	2.042672739
2.042672739	10.004313106	2.485203201	2.440209727
2.440209727	9.682412130	3.367520499	2.930727405
2.930727405	3.345105142	3.498718814	3.310062124
3.310062124	14.247711798	0.360025748	4.072471727
4.072471727	11.282558061	-0.792868010	4.609455589
4.609455589	17.190320283	-1.663897712	5.078375506
5.078375506	16.145815042	4.003400045	6.244859920
6.244859920	26.002312037	-2.644780434	7.279407738
7.279407738	13.900749425	2.240848449	7.942931696
7.942931696	10.927108008	0.846916130	8.285146263
8.285146263	6.433006339	1.154770711	8.528316713
8.528316713	2.851324095	-2.487968167	8.466525925
8.466525925	-11.252845947	-4.964452395	7.641919407
7.641919407	-21.349038415	0.437874917	6.595076532
6.595076532	-22.322106642	4.138438752	5.459702309
5.459702309	-11.458323113	2.701321876	5.337735627
5.337735627	-4.999084909	-4.050439302	5.263785880
5.263785880	-2.534420769	1.494668080	5.337685014
5.337685014	6.900162877	1.575214077	5.654486233
5.654486233	10.624874257	1.196819921	6.348771348
6.348771348	11.594426277	3.747476199	7.214595675
7.214595675	13.614481767	0.657321466	7.857296790
7.857296790	9.567640031	3.455176755	8.029901246
8.029901246	9.948836291	-4.624161485	8.142570241
8.142570241	-4.998935531	-4.558452040	7.607070773
7.607070773	-16.600756706	-3.030519611	6.504306271
6.504306271	-24.600775041	-2.690100513	5.336344262
5.336344262	-24.342989096	2.668623763	4.359808082
4.359808082	-11.769417099	1.669425432	3.853117200
3.853117200	-1.671771265	1.585680416	4.274716245
4.274716245	0.494691102	1.028653375	4.677448112
4.677448112	11.126691987	-0.337335258	4.968607307
4.968607307	15.981689161	2.259588458	5.671988042
5.671988042	22.488701307	4.460550298	6.973095407
6.973095407	22.023322708	4.695380121	8.529100822
8.529100822	20.474296519	-3.826230797	9.084404231
9.084404231	14.761346046	4.984135586	9.814344779
9.814344779	22.285952120	-3.114223965	10.729949266
10.729949266	16.728942337	0.952697807	11.696575967
11.696575967	20.123505835	0.738855269	12.630869890
12.630869890	17.977638147	-3.860342385	13.874774777
13.874774777	9.285729906	0.586764111	14.049743607
14.049743607	4.823608018	-4.246891274	14.008375876
14.008375876	-1.504984670	-0.745965344	13.460253375
13.460253375	-14.108521707	3.699107733	12.651003720
12.651003720	-5.239890620	1.826980429	12.538935972
12.538935972	-4.725275547	-3.279226682	11.884518928
11.884518928	-10.915158915	3.001396844	11.984684165
11.984684165	0.794433864	-0.711993071	11.937187873
11.937187873	3.942723924	4.354201140	12.451877016
12.451877016	10.281522168	4.806990364	12.995052640
12.995052640	17.297733144	-0.364429090	13.606428258
13.606428258	11.493193359	-2.152537914	14.270149950
14.270149950	-1.798669936	1.813597549	14.153757183
14.153757183	-2.280131379	2.986203083	13.695371535
13.695371535	-4.100931091	-2.950778542	13.343835299
13.343835299	-13.230410419	0.417990728	12.875670190
12.875670190	-11.780446507	3.398407102	12.217693693
12.217693693	-3.098079836	3.778014186	12.160199520
12.160199520	1.294563525	1.065443483	12.081061418
12.081061418	2.163423646	1.812041841	12.754722216
12.754722216	7.398458943	-3.697578324	12.630573972
12.630573972	-2.023382519	-1.588531767	12.835932975
12.835932975	-6.441711971	4.642243248	13.110326630
13.110326630	6.382527294	0.230085317	12.812037245
12.812037245	2.127894348	-1.079341311	12.759216957
12.759216957	-4.912210310	-2.595156752	12.515299189
12.515299189	-6.406467624	3.641440948	12.463796270
12.463796270	-0.172996230	2.367109577	12.656260615
12.656260615	0.589420245	-3.158724438	12.633939360
12.633939360	1.572057241	4.467282696	12.567394225
12.567394225	4.006703171	1.085654370	13.313088436
13.313088436	1.677976387	0.329225590	13.075037612
13.075037612	5.174742248	0.098983781	13.081361940
13.081361940	-2.641250909	3.028664864	12.905700248
12.905700248	-0.621207149	-4.329105397	13.024422148
13.024422148	-10.366984942	0.987889179	12.564747349
12.564747349	-3.867873676	4.581887417	12.325080557
12.325080557	2.052839392	4.828807859	12.657979730
12.657979730	8.412746761	1.792129502	13.055420862
13.055420862	10.715798492	-3.946153273	13.435918994
13.435918994	-1.490985984	1.407827045	13.224502781
13.224502781	-3.759949177	-2.678999782	12.995008111
12.995008111	-9.860604735	-4.704712551	12.392739320
12.392739320	-13.983080395	-0.738692196	11.359750230
11.359750230	-12.750093629	-4.274844720	10.996219523
10.996219523	-7.965632154	-2.515757537	10.568611919
10.568611919	-10.063285351	3.539724149	10.586953955
10.586953955	1.150275949	-3.135073117	10.831371020
10.831371020	2.650830689	0.394908909	10.740158220
10.740158220	8.601471536	-3.254988124	11.310730516
11.310730516	6.891814405	3.514389069	12.321503814
12.321503814	16.874597356	-4.672428003	12.645419535
12.645419535	8.610403546	-0.864082822	13.195918514
13.195918514	3.580645050	-0.755625338	13.329885887
13.329885887	-2.243247240	-3.972434361	12.853314683
12.853314683	-11.155937150	-0.757076257	12.427900872
12.427900872	-11.742540117	1.724207726	11.850448826
11.850448826	-4.053778497	-0.308655602	12.196969004
12.196969004	-1.137549870	-2.739047976	11.658073591
11.658073591	-1.588673417	0.006195729	12.131746825
12.131746825	1.535543710	-0.281809373	12.205034951
12.205034951	7.497124739	-2.165375676	12.178529185
12.178529185	3.248427924	-2.212415913	12.714104468
12.714104468	5.250935721	1.027867622	12.443054792
12.443054792	3.353864902	1.811114705	12.561683787
12.561683787	3.324369134	2.811954007	12.892497990
12.892497990	7.938270030	3.811683184	13.485825804
13.485825804	6.438285005	-2.222872675	13.475506679
13.475506679	-1.262405188	2.333660945	13.385998432
13.385998432	-4.338244248	3.035946264	13.422152808
13.422152808	-4.004408548	1.489822226	13.361783812
13.361783812	-1.444398096	-0.486381388	13.063894972
13.063894972	-5.180458563	2.071876098	12.730525961
12.730525961	-2.000044361	4.076446461	12.619167297
12.619167297	0.521465238	-4.125272378	12.563702655
12.563702655	-3.617313054	-0.764899469	12.355824835
12.355824835	-3.697529923	-0.037638610	11.945452565
11.945452565	-3.064626972	-0.716676020	12.004852361
12.004852361	0.106334698	-1.797933457	12.095362471
12.095362471	-1.193418727	1.114994767	12.010203982
12.010203982	-1.858618983	1.532580520	12.593584583
12.593584583	3.332116645	-0.564961581	12.742150749
12.742150749	5.894123298	-4.373801980	12.577412040
12.577412040	-4.017992910	-3.971816325	12.562671536
12.562671536	-11.500728120	1.211491897	12.054066414
12.054066414	-3.520484060	1.246236072	11.992257702
11.992257702	-3.441846448	-2.964396223	11.967907767
11.967907767	-2.998552718	-4.813189940	11.871401044
11.871401044	-2.755078100	1.383433300	12.291830787
12.291830787	2.805376300	-1.070400974	12.157984011
12.157984011	4.709288506	-0.211765988	12.262442794
12.262442794	2.191625119	-1.375346827	12.331258956
12.331258956	3.759567260	-1.064165857	12.670166135
12.670166135	-1.706229068	-2.255258872	12.566482291
12.566482291	-2.203104746	0.550867665	12.506283529
12.506283529	-0.864900390	2.327698533	12.937483542
12.937483542	4.230275345	-2.610900451	12.579879758
12.579879758	0.071171017	-2.827802496	12.537974593
12.537974593	-5.666130323	2.165880468	12.658137221
12.658137221	-0.262360463	2.541750255	12.315561015
12.315561015	4.886758012	0.279654842	12.929755514
12.929755514	2.931893390	-0.327614337	12.905518804
12.905518804	3.356653749	2.311376032	12.749637551
12.749637551	2.481054534	-4.702170559	13.008314671
13.008314671	-3.725798496	-4.951279520	12.434632610
12.434632610	-13.533022904	0.469683093	11.770199342
11.770199342	-8.366987285	-1.978184996	11.332618566
11.332618566	-7.484481511	3.092165837	11.343502144
11.343502144	1.209716623	2.429212504	11.818647558
11.818647558	13.213052074	-3.436430713	12.450764710
12.450764710	7.475044919	3.802199772	12.820783492
12.820783492	12.601207718	2.533800731	13.508680310
13.508680310	9.005261659	-2.072734379	13.725384028
13.725384028	3.262093254	-1.810139935	13.923455226
13.923455226	-4.654204148	0.039830094	13.439214859
13.439214859	-9.900203174	-0.422947123	12.708909007
12.708909007	-11.570081922	-1.962415658	11.722057983
11.722057983	-14.598187346	-1.946864686	11.619310020
11.619310020	-9.153709999	2.967454756	11.306487387
11.306487387	1.181354328	-3.671925154	11.295575888
11.295575888	2.774159559	2.538690716	11.600028666
11.600028666	12.896181615	1.545375346	12.285381152
12.285381152	16.474017754	2.271011884	12.924223610
12.924223610	15.085501818	4.020760015	13.901539321
13.901539321	17.229680686	3.295737185	14.411281303
14.411281303	17.086617224	3.251753306	15.458365946
15.458365946	14.094139618	-4.653659987	15.700267398
15.700267398	3.707866759	1.417491808	16.226927904
16.226927904	8.044233943	0.094085814	16.524678648
16.524678648	13.627775880	1.631488915	17.160045884
17.160045884	18.076265514	2.425224524	18.431308314
18.431308314	22.365776503	0.426164119	19.394688931
19.394688931	20.923278203	-3.919325148	20.059639250
20.059639250	9.768571061	3.540597949	20.648656008
20.648656008	3.742478540	1.235518010	20.858585222
20.858585222	1.906112560	2.448338730	21.114048687
21.114048687	-1.882815972	-1.227604325	20.475943725
20.475943725	-0.922484362	0.498899205	20.403475756
20.403475756	-13.320718234	0.984272224	20.169450881
20.169450881	-16.178483877	1.968783264	19.214079583
19.214079583	-9.702514188	2.664921447	18.808095218
18.808095218	-6.376266624	2.023157548	18.491412225
18.491412225	-0.955292771	-2.309576127	18.318733651
18.318733651	-1.479759990	2.713625072	18.096810827
18.096810827	5.099690728	1.982817993	18.872097675
18.872097675	6.901333569	-2.206796644	18.899187495
18.899187495	3.903688862	-2.142835046	19.163301847
19.163301847	3.232672717	0.575878152	19.052154192
19.052154192	-0.519261796	-1.525860672	19.038695383
19.038695383	-6.460970094	0.768293032	18.826182616
18.826182616	-5.090394872	-0.125286984	18.356729402
18.356729402	-1.510990094	-4.670912834	18.540493470
18.540493470	-8.236076384	-4.759732654	18.032600173
18.032600173	-12.731965721	-2.490384623	17.313732360
17.313732360	-5.223042599	-2.294480062	17.296093644
17.296093644	-4.520461700	1.115736081	17.570500984
17.570500984	3.330036464	-0.474413736	17.766289871
17.766289871	5.761061888	1.147818911	18.418422532
18.418422532	11.338593959	0.057633490	18.570166604
18.570166604	11.654781042	1.060352982	19.628517831
19.628517831	13.182401136	-4.404713929	19.707520404
19.707520404	-0.272640923	-0.944426159	19.545908502
19.545908502	-4.583986248	0.192975855	19.080920179
19.080920179	-10.313652854	4.382617685	19.178629389
19.178629389	-4.215708149	0.889087033	18.680642600
18.680642600	-1.692332514	0.864294215	18.621217935
18.621217935	-1.650321932	2.613352160	18.659260711
18.659260711	0.706881342	1.894948632	19.097311503
19.097311503	4.450914537	-2.124740600	19.005760688
19.005760688	-1.567611532	3.071905755	19.103872016
19.103872016	2.183285870	1.382781333	19.138176479
19.138176479	-1.731868329	1.455644083	19.319726713
19.319726713	-0.544071883	2.454983307	19.018582430
19.018582430	4.491964161	3.874550781	19.262839317
19.262839317	2.666041493	-4.573703182	19.268671404
19.268671404	-8.159248422	1.532511423	19.131019708
19.131019708	-6.395960350	0.208483406	18.768949412
18.768949412	-6.762514174	3.696140851	18.585749837
18.585749837	3.079247729	-2.650977792	19.044844191
19.044844191	-1.782199702	4.379376643	18.893911187
18.893911187	6.580342737	-0.877210720	18.950612607
18.950612607	4.732674367	-1.107250546	19.428192285
19.428192285	3.333567195	-4.118648361	18.950724969
18.950724969	-6.446085282	2.084507915	18.741948843
18.741948843	-2.718691835	-1.050129399	18.420411466
18.420411466	-3.786146797	-3.444714161	18.328350369
18.328350369	-9.125472937	-1.358297013	17.948949516
17.948949516	-3.012093515	1.599697190	18.053092273
18.053092273	3.304840124	-0.491073435	18.186820886
18.186820886	6.583762729	-3.196939392	18.516113068
18.516113068	0.909177187	0.958669456	19.190355729
19.190355729	3.097230472	-2.136228685	18.921300347
18.921300347	-0.683895320	0.521388076	19.285745619
19.285745619	0.962296930	-1.493828107	18.888002615
18.888002615	-1.235137529	1.527312009	18.678708828
18.678708828	-0.728474744	1.052507855	18.877574627
18.877574627	0.750916286	-0.395660065	19.185000406
19.185000406	-0.489129871	-2.718583657	18.810166242
18.810166242	-3.050459386	-2.732106793	18.423071481
18.423071481	-5.104215935	-4.343780010	18.222221234
18.222221234	-8.174571770	2.522566048	17.935735328
17.935735328	2.348359893	-3.311998099	17.786018060
17.786018060	0.138940490	-3.492603409	17.936792558
17.936792558	-5.041230647	-1.558806630	17.995656316
17.995656316	5.142315110	-3.392358577	18.249485041
18.249485041	-0.469341736	4.295503765	18.156529529
18.156529529	11.673514127	-3.540710819	18.827899741
18.827899741	8.154069104	3.824861729	19.386034730
19.386034730	7.221437750	-3.115462131	19.480332726
19.480332726	1.555983628	-4.452358739	19.252059886
19.252059886	-9.647957354	4.707420095	18.938975406
18.938975406	-5.025293934	-3.948929309	18.670084062
18.670084062	-5.350602970	0.133003495	18.600285882
18.600285882	-8.607782302	2.899477964	18.020641284
18.020641284	4.385135878	0.750701670	18.366627571
18.366627571	5.073891778	-4.849805782	18.501322151
18.501322151	-3.164413639	-0.979060939	18.510087955
18.510087955	5.606234835	-3.812695949	18.656417081
18.656417081	-6.608753946	-2.925934352	18.141108677
18.141108677	-6.388628451	-4.627597444	18.111974289
18.111974289	-6.190020808	-0.379158070	17.674813349
17.674813349	0.480738479	-1.476105575	17.584435616
17.584435616	0.385158126	3.384029064	17.942819699
17.942819699	11.471800746	2.378073776	19.071011952
19.071011952	16.658979531	-3.079687340	19.265379304
19.265379304	8.836155615	0.271601757	19.651689471
19.651689471	3.444447916	-4.980363546	19.370421891
19.370421891	-8.208274008	-2.160491137	19.259022803
19.259022803	-13.542346191	2.884791334	18.499660740
18.499660740	-9.197636819	0.937538584	18.383991116
18.383991116	0.029804925	-3.681283093	18.080801313
18.080801313	-3.008364876	-3.206499834	18.001266359
18.001266359	-2.446362327	-3.747180538	17.927736633
17.927736633	-1.007976306	1.152216915	17.975532260
17.975532260	3.593298393	0.623944560	18.278919166
18.278919166	10.102728249	1.544693512	18.717154690
18.717154690	11.958954630	-1.969193241	19.265432600
19.265432600	4.474189581	-1.776333249	19.610250884
19.610250884	1.114433595	-0.132610642	19.423922738
19.423922738	0.219370511	-3.110374068	19.203060346
19.203060346	-11.195984093	3.426677226	18.819103791
18.819103791	0.598738954	-2.329596901	18.637661433
18.637661433	-5.843901948	-3.777860899	18.534826496
18.534826496	-9.350912421	-3.057100179	17.934957300
17.934957300	-7.058564762	1.390528593	17.538217197
17.538217197	-0.264726179	1.288415686	17.846082194
17.846082194	9.039800138	0.869622072	18.238913194
18.238913194	15.243905835	3.519546448	19.503450891
19.503450891	17.318634336	-1.168241496	19.833303939
19.833303939	9.670834432	2.900955211	20.167017818
20.167017818	5.907302584	-1.724061012	19.923549212
19.923549212	-3.979080415	-2.850235192	20.239687000
20.239687000	-15.748484504	-3.194239473	19.298968303
19.298968303	-16.745750099	-3.161044009	17.931262787
17.931262787	-20.329252122	-2.485415478	17.098925950
17.098925950	-17.881875022	1.822206405	16.481268068
16.481268068	-6.434776636	0.992558739	16.403774314
16.403774314	-3.230139056	2.261725883	16.361447983
16.361447983	5.565250148	4.371740887	17.010821783
17.010821783	14.233882527	2.366472048	18.025468115
18.025468115	24.661268100	-0.520540215	19.302516004
19.302516004	20.477977752	4.408492094	20.259591031
20.259591031	24.699811633	-2.720805882	21.128185399
21.128185399	9.844351012	1.031795542	21.480369568
21.480369568	6.833573149	-1.605126057	21.770031948
21.770031948	-0.402464691	0.454390893	22.101751724
22.101751724	-0.375917704	-0.146625460	21.852057222
21.852057222	-0.609470249	-4.646380805	21.936206215
21.936206215	-9.295111294	-4.472161439	20.757508994
20.757508994	-22.164903433	4.292731821	19.910726119
19.910726119	-14.431026900	-2.546988559	18.940331317
18.940331317	-20.513815510	-3.152518477	17.742107774
17.742107774	-25.172888169	0.337610914	17.112047545
17.112047545	-11.604248246	2.058098012	16.651301180
16.651301180	-2.731105844	2.647261968	16.420193286
16.420193286	5.111816211	-4.599822143	16.730227244
16.730227244	-0.514734626	3.669883296	17.186444434
17.186444434	10.625177775	4.363084599	17.735202927
17.735202927	24.457037691	-3.069999624	18.943280359
18.943280359	15.637140535	3.593733283	19.647926672
19.647926672	23.341529096	-0.849101124	20.598839964
20.598839964	9.933431239	2.645309404	20.971286993
20.971286993	4.726875568	-4.021579217	21.143372826
21.143372826	-5.861120864	2.823380634	20.840840879
20.840840879	-4.220159342	-2.757971607	20.413676746
20.413676746	-12.231509092	-1.122948682	19.713738426
19.713738426	-15.595709000	-4.649263807	18.417423256
18.417423256	-29.361609646	3.027325502	17.636156568
17.636156568	-17.394095322	-3.096632053	16.715076234
16.715076234	-16.241228121	2.581806234	16.779467278
16.779467278	-5.141755931	2.334477001	16.904900701
16.904900701	4.564024874	-1.732987421	17.116051319
17.116051319	11.125516462	-4.133275273	17.434956711
17.434956711	8.347719110	-3.662216923	17.588124041
17.588124041	11.012890373	-3.281702404	17.892441334
17.892441334	6.097485893	-4.647687293	18.016280223
18.016280223	2.226646818	-2.142170666	18.241959654
18.241959654	3.521247419	-1.922077217	18.511637126
18.511637126	2.467095049	-3.350277321	18.097402602
18.097402602	-2.977378616	3.587151157	18.735192965
18.735192965	9.724719788	-4.816373635	18.513490422
18.513490422	-2.761536204	0.954661690	18.625419388
18.625419388	1.120773581	0.769603709	18.648950298
18.648950298	3.263848235	-3.290126511	18.891417772
18.891417772	-0.298404014	0.098739726	18.887663127
18.887663127	-0.892695511	2.561698884	19.004268822
19.004268822	4.540808759	-0.372618197	19.153454634
19.153454634	-1.880754219	-4.497090640	18.877662534
18.877662534	-2.294159549	0.731322047	18.393817911
18.393817911	-2.364995578	-1.152839321	18.454849648
18.454849648	0.699279529	-4.751541396	18.138785031
18.138785031	-3.987404674	3.687788696	18.269780729
18.269780729	2.032083536	3.109969194	18.949309527
18.949309527	11.568728755	-0.010325255	19.130117288
19.130117288	8.359859394	0.939361434	19.594608332
19.594608332	6.562612581	-4.744599151	19.665025373
19.665025373	-2.847426854	-1.232431131	19.344254770
19.344254770	-9.871278413	-2.971010994	18.893645666
18.893645666	-12.737366164	1.317444085	18.222762435
18.222762435	-6.996763241	-1.410888582	17.965451962
17.965451962	0.127427236	-0.476237522	17.636099862
17.636099862	1.335207771	-0.207285847	17.795360182
17.795360182	8.236628938	-2.550491449	18.300415313
18.300415313	4.891142023	-2.272317633	18.382810837
18.382810837	-0.372240112	-1.820641089	18.819569738
18.819569738	-0.684326440	0.343998369	18.762072184
18.762072184	4.759559329	-3.914412944	18.702878422
18.702878422	-4.533354445	1.947459923	18.695969499
18.695969499	5.862963505	-0.854371203	18.618950623
18.618950623	0.365396273	-1.088482395	18.916477541
18.916477541	-0.144627792	3.519762581	18.953158013
18.953158013	2.125307763	-0.678929087	19.127909352
19.127909352	8.060573896	-2.160565622	19.001561263
19.001561263	-7.899566058	-3.099504964	18.613112004
18.613112004	-4.865133823	-0.684377547	18.111420870
18.111420870	-7.975161918	2.095892157	18.291286244
18.291286244	0.928705403	4.063350696	18.813208301
18.813208301	8.454502511	4.632415649	19.221814581
19.221814581	14.088857826	-4.141506989	19.734119943
19.734119943	2.412681036	-4.783145955	19.589482975
19.589482975	-6.913663781	0.713211501	19.006911418
19.006911418	-12.272014350	1.123223387	18.633924539
18.633924539	-5.101828110	-4.260811121	18.152509914
18.152509914	-13.529329694	1.951520647	17.994018210
17.994018210	-1.140045859	-1.944893387	17.859222703
17.859222703	0.866596118	0.296573206	18.099121280
18.099121280	8.074940930	-2.351633448	18.353168819
18.353168819	3.967405366	1.389478204	18.960604559
18.960604559	10.699892770	3.767770399	19.120252310
19.120252310	10.924181889	0.736438576	19.646285894
19.646285894	8.596073040	-1.331406814	19.822723985
19.822723985	-1.312170447	1.106325169	19.817508314
19.817508314	-2.889888921	-3.878495168	19.734309339
19.734309339	-10.820533272	-0.101922153	19.042562661
19.042562661	-15.586255408	-0.634372283	18.169524768
18.169524768	-7.033899844	0.411208861	17.623284997
17.623284997	-5.173513326	3.361762231	17.846128658
17.846128658	7.110956772	-3.315230284	17.908819822
17.908819822	6.170789231	-4.641208510	18.303090116
18.303090116	2.040908544	4.607973060	18.736100956
18.736100956	11.742862886	-2.279069857	18.824510912
18.824510912	7.876361816	1.668079951	19.404117301
19.404117301	8.633506979	2.783262187	19.721233529
19.721233529	4.993119658	-3.434275754	19.365223953
19.365223953	-2.705581154	2.069494480	19.249377639
19.249377639	-2.332231885	-0.084428152	19.483495602
19.483495602	-7.942163523	-1.843458682	18.959269995
18.959269995	-10.755178954	4.385506543	18.805178577
18.805178577	-0.607800237	3.624863997	18.499856915
18.499856915	9.860016351	-1.363155921	19.338983608
19.338983608	3.461184498	-2.442489730	19.247843309
19.247843309	-3.943232350	4.354270123	19.173920428
19.173920428	3.191771063	0.742833544	19.122028623
