3
1000
0.000000000	0.000000000	-0.829779953	-0.026139975
-0.026139975	-0.983835558	-4.076614052	-0.212818316
-0.212818316	-6.208643675	-1.032325258	-0.496223869
-0.496223869	-4.868126948	1.852195004	-0.574474964
-0.574474964	1.591954905	-4.726124068	-0.598404323
-0.598404323	-2.349782413	0.586898284	-0.597780538
-0.597780538	2.187096522	3.007445687	-0.306902331
-0.306902331	9.070923273	1.923226157	0.215933554
0.215933554	11.261893735	-4.149557886	0.535906261
0.535906261	1.375810511	3.781425034	0.657787617
0.657787617	3.362828975	4.578895302	0.886087715
0.886087715	5.562891807	-1.844843690	0.953855824
0.953855824	-2.651910875	-4.817117227	0.533271940
0.533271940	-13.688244987	2.481656544	-0.067932718
-0.067932718	-9.805105840	-3.967739934	-0.645053531
-0.645053531	-12.669168617	-2.063858516	-1.210135743
-1.210135743	-9.629192428	-4.806330421	-1.699008013
-1.699008013	-9.863037766	-2.344533406	-2.107790033
-2.107790033	-6.678827492	0.741176055	-2.268443125
-2.268443125	0.013044077	1.997583600	-2.076787990
-2.076787990	7.655987776	1.944001577	-1.499103338
-1.499103338	15.474735305	0.358964059	-0.610197455
-0.610197455	19.573861981	4.445947560	0.526769104
0.526769104	24.668598137	-3.625252959	1.446581539
1.446581539	11.819851846	-1.023231630	1.814587482
1.814587482	3.062464983	-1.522341403	1.752864375
1.752864375	-5.303496993	3.833060912	1.498958596
1.498958596	-4.873485291	-1.511016580	1.064003183
1.064003183	-12.290974360	-0.719088101	0.342153081
0.342153081	-15.958417628	4.494892587	-0.259650947
-0.259650947	-7.610366828	-0.918631972	-0.596088121
-0.596088121	-5.556651003	0.736794867	-0.733330332
-0.733330332	0.055119009	-1.733550982	-0.700699847
-0.700699847	1.206877185	-1.427302400	-0.607487925
-0.607487925	2.425371787	-4.841787572	-0.595371434
-0.595371434	-1.768978813	4.973228505	-0.410370069
-0.410370069	8.802598423	4.325954630	0.204690948
0.204690948	15.066624963	2.554630526	0.950204606
0.950204606	14.119796578	2.115247586	1.560761191
1.560761191	10.170427436	-4.737890131	1.710220444
1.710220444	-3.848620452	3.600279487	1.516621094
1.516621094	-3.903177754	3.420308924	1.314250263
1.314250263	-4.155000972	0.857592715	1.009996570
1.009996570	-7.835272753	-4.813527106	0.345337665
0.345337665	-18.067540869	3.071051956	-0.405581416
-0.405581416	-11.290945539	2.471216427	-0.764260093
-0.764260093	-2.872806356	-4.400823105	-0.951836784
-0.951836784	-4.476355642	-3.925058709	-1.178896883
-1.178896883	-4.490154477	0.597169821	-1.222943424
-1.222943424	2.520375931	4.672763300	-0.791859854
-0.791859854	14.315048381	-2.476742554	-0.127388617
-0.127388617	11.679783051	0.813589273	0.446017531
0.446017531	10.679081818	-2.601522409	0.766712775
0.766712775	2.006114127	3.289808996	0.872361106
0.872361106	2.141711845	-4.299778563	0.698459192
0.698459192	-8.768810887	0.688514371	0.232137859
0.232137859	-9.436697673	0.797452192	-0.195104391
-0.195104391	-7.237155212	2.453344309	-0.398003699
-0.398003699	-0.772673518	-4.336651656	-0.531190507
-0.531190507	-4.374347610	-2.898259901	-0.757974288
-0.757974288	-4.503991068	-2.396849014	-0.946326986
-0.946326986	-2.923783248	1.394608809	-0.905225281
-0.905225281	4.315072511	-2.367032295	-0.681900169
-0.681900169	4.450860048	2.721780295	-0.287631916
-0.287631916	10.859473596	-4.860484270	0.061275006
0.061275006	2.852010357	4.490163207	0.342877741
0.342877741	8.042397893	4.156063498	0.808615733
0.808615733	10.144296413	-0.140093329	1.158221674
1.158221674	3.737351555	4.261814267	1.349944763
1.349944763	3.866773659	4.632625284	1.554619619
1.554619619	4.288317319	-3.649208420	1.465289527
1.465289527	-7.563085761	4.479702112	1.131398952
1.131398952	-5.724065362	-3.238037444	0.612090026
0.612090026	-14.573933207	3.094906921	-0.017491970
-0.017491970	-10.046316717	0.820141799	-0.434605097
-0.434605097	-6.268851455	4.053923187	-0.502685452
-0.502685452	3.344919446	2.986035912	-0.172477592
-0.172477592	9.445064602	0.991103076	0.312802942
0.312802942	9.457870922	-0.663236510	0.667270860
0.667270860	4.469164844	3.928887085	0.921098997
0.921098997	5.480979515	2.879292338	1.157985927
1.157985927	3.892873282	-0.798063200	1.167515947
1.167515947	-3.288919690	-4.995979751	0.692341038
0.692341038	-15.251905471	4.737835384	0.082239907
0.082239907	-8.656996064	0.747115047	-0.289247078
-0.289247078	-5.856238304	0.868333407	-0.475045490
-0.475045490	-1.460916194	2.550821885	-0.381914404
-0.381914404	4.961922068	-1.773190032	-0.172171695
-0.172171695	3.240697534	-1.178972480	-0.049006010
-0.049006010	1.581683007	-1.826160540	-0.041509895
-0.041509895	-1.129574630	4.738020779	0.085795619
0.085795619	5.942089993	-0.732989907	0.309745040
0.309745040	2.831607606	3.799982886	0.528899665
0.528899665	5.679966743	-2.297917380	0.622545769
0.622545769	-1.823580451	0.277146463	0.467627906
0.467627906	-4.198088078	2.331425253	0.301393217
0.301393217	-2.316775294	0.688579907	0.182996252
0.182996252	-2.298048496	-4.317906516	-0.103391174
-0.103391174	-8.758652975	4.828171137	-0.300295385
-0.300295385	0.899114690	3.749616450	-0.081333757
-0.081333757	7.533262542	-3.390285632	0.140760065
0.140760065	1.211904705	-2.749600422	0.076357959
0.076357959	-3.609103806	4.163055535	0.059727525
0.059727525	2.746255952	-3.891086993	0.028938688
0.028938688	-3.728722290	2.285856680	-0.053874745
-0.053874745	0.401189221	3.516718749	0.097498739
0.097498739	5.418293910	-2.663338608	0.224139246
0.224139246	-0.357076216	-0.228590130	0.171821076
0.171821076	-1.661834097	0.440101188	0.092852397
0.092852397	-1.417934038	2.515278171	0.109968552
0.109968552	1.915358861	2.852960282	0.280972235
0.280972235	4.705467700	3.729223764	0.586853043
0.586853043	7.199140555	4.498059914	0.996750635
0.996750635	8.868133496	-4.012565982	1.127997188
1.127997188	-3.379326681	1.102408126	0.880875036
0.880875036	-6.323224114	2.702387346	0.580221679
0.580221679	-5.479355162	-2.429307012	0.163105995
0.163105995	-10.719749880	2.965886780	-0.231457779
-0.231457779	-4.738593214	4.904717836	-0.228166383
-0.228166383	4.607015935	4.013084363	0.158293700
0.158293700	10.358564431	1.366044000	0.650796512
0.650796512	8.889555631	-1.442948290	0.908763092
0.908763092	1.352810089	2.456371927	0.939023946
0.939023946	-0.099617481	3.623462528	0.947776169
0.947776169	0.358275444	-3.113631990	0.728777937
0.728777937	-8.791391104	4.897517077	0.414564921
0.414564921	-3.575228953	-2.378269162	0.108735322
0.108735322	-8.276788848	-4.430705616	-0.442020593
-0.442020593	-13.110503736	2.986042448	-0.860392923
-0.860392923	-3.427084315	0.934324495	-0.865779887
-0.865779887	2.999598958	2.498583107	-0.524970046
-0.524970046	10.252305887	4.594343211	0.182195994
0.182195994	17.205287899	2.093872512	1.011380441
1.011380441	15.282865135	-2.785672657	1.487432351
1.487432351	3.787287752	-0.713811713	1.486372119
1.486372119	-3.600952910	3.029632374	1.284109341
1.284109341	-4.438111663	-1.575458802	0.876450082
0.876450082	-11.565971162	3.240098704	0.355877009
0.355877009	-8.850335421	-4.216131001	-0.249370429
-0.249370429	-14.640523637	-0.414161863	-0.889463515
-0.889463515	-10.467082619	2.548614814	-1.156609757
-1.156609757	-0.231961800	-0.475951733	-1.050475143
-1.050475143	4.320940593	-0.259960734	-0.734222689
-0.734222689	8.066279679	4.046861603	-0.118964459
-0.118964459	15.846189889	-3.743586189	0.472804569
0.472804569	7.345797982	0.386272826	0.749096814
0.749096814	3.526621951	2.959669419	0.914352716
0.914352716	2.974761008	-3.422699301	0.802259676
0.802259676	-7.113173787	4.058094960	0.524760400
0.524760400	-3.804861188	2.318004091	0.368188654
0.368188654	-2.330959285	-2.501493198	0.120886341
0.120886341	-7.234943487	3.126105880	-0.103395983
-0.103395983	-1.585087552	3.190891786	-0.039484282
-0.039484282	3.873027982	0.336533450	0.148943413
0.148943413	3.471639031	-1.334433561	0.229093353
0.229093353	-0.252337263	4.388864774	0.343177941
0.343177941	4.588172980	3.910189543	0.641914442
0.641914442	7.046210422	-1.740101882	0.804793201
0.804793201	-0.504010608	1.902278682	0.750033380
0.750033380	-1.628400150	-2.099031483	0.499964509
0.499964509	-8.066115534	-1.885557859	-0.003612504
-0.003612504	-11.513887589	-0.735252115	-0.547344746
-0.547344746	-9.715056276	4.318611166	-0.747279460
-0.747279460	1.670738013	4.202065143	-0.417025914
-0.417025914	11.111288380	-2.726902637	0.041506296
0.041506296	6.820682754	1.070941620	0.378975428
0.378975428	6.337994960	-3.148696017	0.489428837
0.489428837	-1.860944013	0.742190888	0.367465487
0.367465487	-2.885192019	-2.711863290	0.087260501
0.087260501	-7.959597576	0.190159841	-0.274047147
-0.274047147	-6.141704201	4.967534252	-0.324230738
-0.324230738	3.913722194	4.759890683	0.072620866
0.072620866	11.433851899	-4.675736747	0.401225322
0.401225322	1.525588242	-0.482668513	0.392523061
0.392523061	-1.697776475	-3.320167068	0.140084873
0.140084873	-8.048328540	3.242378396	-0.119619272
-0.119619272	-2.155016764	-0.231176665	-0.202560184
-0.202560184	-1.092254592	-0.079281985	-0.220398901
-0.220398901	0.296807881	-0.425950839	-0.195709762
-0.195709762	0.659777083	2.582782605	-0.046272340
-0.046272340	5.094453528	-2.797657738	0.082030247
0.082030247	0.018963807	2.548914571	0.159824892
0.159824892	2.966734470	-1.874986215	0.197304167
0.197304167	-1.322473248	2.701499563	0.210228547
0.210228547	1.662119045	0.190823222	0.256010768
0.256010768	0.145062692	1.724698447	0.283326289
0.283326289	0.908231796	4.147886867	0.431620572
0.431620572	4.817505466	3.593178061	0.717257443
0.717257443	6.332068236	1.736984239	0.969468736
0.969468736	3.621860045	0.605299905	1.030250126
1.030250126	-1.113448803	3.558283673	0.988442048
0.988442048	-0.543901491	-2.103972538	0.763745265
0.763745265	-8.180981585	3.076984091	0.405251960
0.405251960	-5.877676980	2.672845084	0.184059411
0.184059411	-2.792832954	2.444731531	0.126516413
0.126516413	0.462016225	-3.010520766	0.020507618
0.020507618	-4.477695155	-4.733721153	-0.356040384
-0.356040384	-10.107872734	2.997765369	-0.647309698
-0.647309698	-1.408224089	-2.923743382	-0.725025743
-0.725025743	-1.633561589	0.538846111	-0.678485661
-0.678485661	3.265584471	-0.646940424	-0.464496306
-0.464496306	5.077439540	-0.219686920	-0.180066599
-0.180066599	6.001713378	-3.401663497	-0.013147251
-0.013147251	0.581335600	-0.957980942	-0.022188544
-0.022188544	-0.793760715	-3.112549331	-0.164988905
-0.164988905	-4.708991280	-2.892676079	-0.456318392
-0.456318392	-6.622693105	1.382187106	-0.635520667
-0.635520667	-0.477923780	2.316064712	-0.485665265
-0.485665265	6.200343865	2.821818168	-0.034046377
-0.034046377	11.330087434	-3.077499832	0.364935784
0.364935784	4.322380604	-4.198963562	0.350147791
0.350147791	-4.645330256	0.306974385	0.104784619
0.104784619	-4.913141442	-2.935459411	-0.237176012
-0.237176012	-8.353951865	-2.384504482	-0.665286504
-0.665286504	-8.365610746	2.875518397	-0.843811343
-0.843811343	1.175125796	-3.228388356	-0.803761075
-0.803761075	0.409629509	2.871162897	-0.574757153
-0.574757153	8.446318130	2.400775432	-0.024402217
-0.024402217	12.950823121	-2.833827917	0.455841273
0.455841273	5.875284305	-3.234509657	0.533740313
0.533740313	-2.584221488	3.602369974	0.479523479
0.479523479	0.381018511	2.587469310	0.518680428
0.518680428	1.137532694	-2.219149514	0.417398791
0.417398791	-4.963513730	0.166887829	0.142782220
0.142782220	-5.731547341	-1.251240565	-0.179329760
-0.179329760	-6.797630052	1.132112115	-0.413698778
-0.413698778	-2.407809194	-4.968871422	-0.642943327
-0.642943327	-6.490616792	-2.606842926	-0.943031529
-0.943031529	-5.309757956	-1.979032687	-1.136258596
-1.136258596	-2.361757186	-2.132883504	-1.184089835
-1.184089835	0.387025779	1.138710897	-0.988229905
-0.988229905	7.251243536	-0.558828930	-0.553617717
-0.553617717	9.769791389	-1.543011788	-0.092736225
-0.092736225	8.229125321	-0.327541761	0.276503153
0.276503153	6.184580582	3.773604747	0.652074672
0.652074672	8.450059569	-0.430342994	0.927611785
0.927611785	2.460321731	-0.670184930	0.893883066
0.893883066	-3.578737500	2.667745872	0.716907800
0.716907800	-3.373996153	3.428998402	0.597242890
0.597242890	-1.342837170	4.427625754	0.618562253
0.618562253	2.007781248	3.479393924	0.747972564
0.747972564	3.046929823	0.402609404	0.796321493
0.796321493	-1.008673782	3.379779620	0.774566344
0.774566344	0.098012870	-4.222854297	0.519740371
0.519740371	-9.891719339	-4.910608976	-0.182076268
-0.182076268	-17.349457869	-0.601691858	-0.962067125
-0.962067125	-13.235743088	-0.221379956	-1.458508688
-1.458508688	-6.546981617	3.959699670	-1.463691349
-1.463691349	6.033239468	-0.814219742	-1.063182353
-1.063182353	9.806798554	0.057420175	-0.480506454
-0.480506454	13.018191399	-2.057843118	0.098564720
0.098564720	9.600033737	-4.859077058	0.333243876
0.333243876	-0.264279125	0.070799233	0.280561614
0.280561614	-1.767376860	2.778484769	0.265929164
0.265929164	1.035461905	-3.202057023	0.158367775
0.158367775	-5.096149869	-0.913627750	-0.124695891
-0.124695891	-5.915764048	4.752223424	-0.194170553
-0.194170553	2.955824939	1.363061259	0.013844530
0.013844530	5.113779254	1.195867394	0.282573391
0.282573391	5.351627831	-0.670614913	0.453693559
0.453693559	1.385188731	1.973688756	0.519208436
0.519208436	1.177423696	-2.047112056	0.426094266
0.426094266	-4.688074555	3.553564126	0.288827769
0.288827769	-0.726148912	0.853484589	0.250628236
0.250628236	-0.762408961	4.218683055	0.332092068
0.332092068	3.830411933	1.824537098	0.520025163
0.520025163	3.511297242	-0.832760376	0.571254294
0.571254294	-1.316128625	2.797442955	0.540067242
0.540067242	0.036214101	-3.554022792	0.335963268
0.335963268	-7.849695052	1.884973179	0.005883046
0.005883046	-5.052781748	-2.727024591	-0.319952442
-0.319952442	-7.602946444	-1.446920884	-0.667513700
-0.667513700	-6.002305603	2.073166027	-0.767981269
-0.767981269	1.864259969	-3.300592858	-0.706975391
-0.706975391	0.547998390	3.753327264	-0.449660977
-0.449660977	9.387609594	-0.710676660	0.010274827
0.010274827	8.550746229	-1.575593589	0.332423398
0.332423398	4.069187364	3.003322458	0.575137497
0.575137497	5.389213307	-3.545343897	0.604151684
0.604151684	-3.993283330	3.596509536	0.476267597
0.476267597	-1.050205771	-3.752486999	0.225579215
0.225579215	-8.616787717	4.482991741	-0.026481695
-0.026481695	-1.311073042	0.656621125	-0.051966290
-0.051966290	0.254859948	0.992697557	-0.001348235
-0.001348235	1.694705685	0.793605403	0.099601715
0.099601715	2.228773952	4.913465087	0.363009955
0.363009955	7.950187093	-0.772473384	0.637838162
0.637838162	2.867260520	-4.520074360	0.509198734
0.509198734	-7.623982083	2.035193311	0.170339552
0.170339552	-5.623596545	-3.118057400	-0.220381901
-0.220381901	-9.535309372	2.953011674	-0.505675469
-0.505675469	-1.715478259	-4.715091505	-0.681805985
-0.681805985	-5.123640159	-2.707949727	-0.918433024
-0.918433024	-4.182403428	-0.302109599	-0.998099800
-0.998099800	0.926372483	2.744101333	-0.730813146
-0.730813146	9.458561922	-1.450471489	-0.257329287
-0.257329287	9.049063576	-4.564657362	0.015994472
0.015994472	1.708142971	0.167063598	0.091672512
0.091672512	1.246162162	1.309592003	0.177618441
0.177618441	2.089010706	-0.481637506	0.222523958
0.222523958	-0.263626154	-0.051569158	0.181268408
0.181268408	-1.327882299	-1.306000744	0.051126921
0.051126921	-3.705543234	-0.229870056	-0.127476507
-0.127476507	-3.257047351	0.276187723	-0.240402761
-0.240402761	-1.174339677	-4.279879648	-0.411841973
-0.411841973	-5.446882676	-2.088460594	-0.672644426
-0.672644426	-4.760452869	-3.906170858	-0.938455042
-0.938455042	-5.664124667	-3.563930021	-1.208319348
-1.208319348	-5.005331694	2.969622520	-1.187245848
-1.187245848	5.563932966	-2.097020029	-0.871615006
-0.871615006	6.871374770	-1.013409401	-0.483630391
-0.483630391	8.309366039	-4.290815995	-0.201104638
-0.201104638	2.793131268	-3.862036436	-0.191791353
-0.191791353	-2.235147353	-1.789736858	-0.325773924
-0.325773924	-2.976214570	3.344865140	-0.286986731
-0.286986731	4.260860351	-4.602712933	-0.226053591
-0.226053591	-1.677160199	-1.508325870	-0.319249545
-0.319249545	-1.951768681	0.396491101	-0.342660323
-0.342660323	0.876776080	3.770343893	-0.117856759
-0.117856759	7.781338797	-1.716386099	0.183165979
0.183165979	3.999775695	1.714291711	0.395766139
0.395766139	4.285005493	3.701917462	0.665834133
0.665834133	6.242223177	0.715420927	0.881052721
0.881052721	2.265614695	3.741259356	1.004431443
1.004431443	2.588200445	-2.161981651	0.914044638
0.914044638	-5.904455523	0.546673108	0.548494213
0.548494213	-8.395374891	1.687966059	0.156225620
0.156225620	-6.929708692	-1.741900334	-0.240467475
-0.240467475	-8.497447283	2.626320954	-0.487855049
-0.487855049	-1.265128101	-4.585249204	-0.640840245
-0.640840245	-4.666016621	1.938554114	-0.688942722
-0.688942722	2.553525047	2.677889777	-0.382153945
-0.382153945	9.340649217	-3.652068820	-0.043426093
-0.043426093	3.940401473	-4.476870536	-0.028354595
-0.028354595	-3.127531736	1.174610120	-0.116676511
-0.116676511	-0.354235298	-0.459409439	-0.126840037
-0.126840037	-0.046299664	1.562015477	-0.055784546
-0.055784546	2.733279499	-4.490876165	-0.092226304
-0.092226304	-3.933010772	-0.783421140	-0.280439323
-0.280439323	-3.408346744	-0.268880471	-0.398416298
-0.398416298	-1.226442318	3.414221568	-0.272862576
-0.272862576	5.976985944	-2.605889559	-0.063782755
-0.063782755	2.225067588	1.139340024	0.083388061
0.083388061	3.487384718	3.978507177	0.371536611
0.371536611	7.678890917	4.408279632	0.826322874
0.826322874	10.080701927	3.704248568	1.316418746
1.316418746	9.290297295	2.323748992	1.691999464
1.691999464	5.763000447	3.146191813	1.932252235
1.932252235	3.935850129	3.424458100	2.105783339
2.105783339	3.097272405	-2.517092710	2.024997803
2.024997803	-6.115437936	-0.783340652	1.563890413
1.563890413	-12.349310055	-2.966191672	0.720077114
0.720077114	-20.927164805	-0.132492552	-0.333054021
-0.333054021	-20.148745364	1.248212942	-1.153405276
-1.153405276	-12.171123157	3.837555082	-1.435978907
-1.435978907	0.707330881	-2.729988348	-1.360624440
-1.360624440	2.270115592	-3.685843395	-1.249931773
-1.249931773	2.129053595	1.021836539	-0.973088855
-0.973088855	8.720691078	0.956250981	-0.415709619
-0.415709619	13.064404690	-4.408227928	0.068750294
0.068750294	5.919521798	0.346790572	0.334353587
0.334353587	4.452663929	-4.926810307	0.302631634
0.302631634	-5.422220035	0.883673329	0.050330828
0.050330828	-4.422898912	3.225781525	-0.032208842
-0.032208842	1.085245971	-3.770452284	-0.114549732
-0.114549732	-4.174116351	-3.732642909	-0.420166393
-0.420166393	-7.686416785	-2.998178836	-0.816341920
-0.816341920	-7.819320888	-1.966543283	-1.136525443
-1.136525443	-4.846212674	0.820299763	-1.191156786
-1.191156786	2.454454332	0.071194235	-0.938539468
-0.938539468	7.449120849	-2.358623558	-0.567190803
-0.567190803	7.124454160	-2.555520006	-0.262547541
-0.262547541	4.801880614	-4.280527798	-0.170581084
-0.170581084	-1.089357482	3.061631630	-0.084613861
-0.084613861	4.317960668	-0.183037170	0.111404436
0.111404436	3.330890611	-0.512627412	0.221254395
0.221254395	0.984261005	1.971485288	0.300903688
0.300903688	2.103529210	2.608024563	0.443742944
0.443742944	3.449179395	-2.662313074	0.435728464
0.435728464	-3.538019021	-1.794353460	0.150347814
0.150347814	-7.529937930	2.600017523	-0.111258612
-0.111258612	-2.730981080	-3.849649879	-0.356174138
-0.356174138	-6.753226721	3.207464986	-0.486456715
-0.486456715	1.501703763	-0.088900387	-0.356920611
-0.356920611	3.524781116	-0.383979191	-0.164346142
-0.164346142	3.975152416	2.293976983	0.120088468
0.120088468	7.056121928	3.434941261	0.544805083
0.544805083	9.473431114	1.570654246	0.954481357
0.954481357	6.643361307	0.295466105	1.145513651
1.145513651	0.985125190	3.709456092	1.187862618
1.187862618	0.695654306	1.830743663	1.149862519
1.149862519	-2.079551204	3.785878632	1.062863900
1.062863900	-1.369819983	1.671187887	0.935550449
0.935550449	-3.616965813	1.353709615	0.703431147
0.703431147	-5.473699921	1.282395971	0.409112833
0.409112833	-6.027599064	-3.021672154	-0.031284361
-0.031284361	-11.058951314	4.919450119	-0.339813965
-0.339813965	-1.114476702	0.188042507	-0.331903738
-0.331903738	1.268204329	-1.296943062	-0.279413402
-0.279413402	0.785811829	-0.860801543	-0.240131317
-0.240131317	0.745983880	-3.507639677	-0.297401243
-0.297401243	-2.884943529	0.609487551	-0.356461223
-0.356461223	0.490439867	-0.800064480	-0.317363504
-0.317363504	1.026442497	-4.777284885	-0.398065300
-0.398065300	-4.059035126	1.857568992	-0.452101733
-0.452101733	1.742555480	-3.772278706	-0.449640206
-0.449640206	-1.479023642	0.834063146	-0.419146619
-0.419146619	2.491007536	-2.965661756	-0.360917448
-0.360917448	-0.139104515	2.002894376	-0.243683710
-0.243683710	4.600621377	-0.041736029	-0.005987011
-0.005987011	4.657678432	4.247408135	0.358486317
0.358486317	9.470329746	-2.455618977	0.640537228
0.640537228	1.671189964	-2.024252847	0.555610299
0.555610299	-4.858005484	-3.818073707	0.118373474
0.118373474	-12.091532764	0.905205476	-0.408443779
-0.408443779	-8.489744208	1.383553207	-0.679163590
-0.679163590	-2.192166634	3.805385976	-0.546969853
-0.546969853	7.187792284	-2.461113791	-0.238650830
-0.238650830	4.879052688	-1.178993575	-0.031350232
-0.031350232	3.221180681	-4.206584170	-0.038746351
-0.038746351	-3.291999482	1.150157250	-0.133890020
-0.133890020	-0.456519939	1.783769723	-0.072151316
-0.072151316	2.773901732	-3.251034910	-0.060114140
-0.060114140	-2.112114332	4.825897893	0.034244625
0.034244625	5.552318813	2.802245797	0.379614226
0.379614226	7.871286009	-0.162730488	0.671404717
0.671404717	3.600476196	-3.997653569	0.591937539
0.591937539	-6.442784705	1.043068437	0.258712882
0.258712882	-6.564793566	-1.070270021	-0.111641059
-0.111641059	-7.841498727	-1.061159921	-0.484889909
-0.484889909	-6.730227319	-3.638868458	-0.853096930
-0.853096930	-7.679605316	-2.820310699	-1.195749877
-1.195749877	-5.868047076	0.988208906	-1.288998212
-1.288998212	1.932307781	2.005330726	-0.982116780
-0.982116780	10.090152958	-3.325581425	-0.520983236
-0.520983236	8.030799465	1.605983559	-0.026488184
-0.026488184	11.202622479	0.028243835	0.481172814
0.481172814	8.624748124	0.379877201	0.814825613
0.814825613	4.505650939	0.367683219	0.921420507
0.921420507	-0.202668884	1.784824540	0.864586302
0.864586302	-2.006205518	-1.419200860	0.609995472
0.609995472	-7.892843246	0.968885249	0.205551076
0.205551076	-7.894473775	2.396119625	-0.088370890
-0.088370890	-3.617610429	0.182815803	-0.226899221
-0.226899221	-1.806551390	2.679628783	-0.173878115
-0.173878115	3.671139743	3.009945558	0.124802949
0.124802949	7.897825182	-4.252685550	0.300899870
0.300899870	-0.862403725	2.650051483	0.317786490
0.317786490	1.368316519	3.960434916	0.475170988
0.475170988	4.722818032	-4.294579553	0.460260674
0.460260674	-5.039433152	4.718200730	0.345633031
0.345633031	0.443478379	1.851729969	0.378482291
0.378482291	0.832185422	-1.463522129	0.310397304
0.310397304	-3.385924648	2.256425455	0.200474291
0.200474291	-0.935515660	3.846818943	0.267533030
0.267533030	3.444123631	2.965585875	0.489403241
0.489403241	5.186680442	4.281090785	0.810298213
0.810298213	7.346734895	4.519351676	1.205192206
1.205192206	8.214138474	-1.272511979	1.395999086
1.395999086	-0.461417207	1.052128951	1.269654302
1.269654302	-4.501726300	-1.657235950	0.856794221
0.856794221	-11.700352499	0.268518759	0.221486588
0.221486588	-13.121913356	4.332023382	-0.239899129
-0.239899129	-4.972228464	4.573949263	-0.256421071
-0.256421071	4.072503294	-4.424164944	-0.201845339
-0.201845339	-1.738841337	-4.443015873	-0.410569981
-0.410569981	-6.330303740	4.536770185	-0.466628020
-0.466628020	3.868025057	0.030051951	-0.227620046
-0.227620046	5.432046647	2.580616581	0.142921315
0.142921315	8.947147127	3.905068324	0.667953391
0.667953391	11.508620392	-3.984185241	0.949668688
0.949668688	-0.222072833	-2.153760310	0.741495321
0.741495321	-7.847731123	4.225044973	0.443779074
0.443779074	-3.859223588	1.319949505	0.258595282
0.258595282	-3.371948364	-3.400812114	-0.053554343
-0.053554343	-8.706921012	-3.346815095	-0.559673721
-0.559673721	-10.996459713	0.738028692	-0.951251237
-0.951251237	-4.469878181	1.296079567	-0.983328882
-0.983328882	2.974681692	3.632264817	-0.589406468
-0.589406468	12.355300656	-2.471585179	-0.040604303
-0.040604303	9.097735552	-4.898275437	0.190314421
0.190314421	0.033469409	-2.216718692	0.084952034
0.084952034	-4.037877256	-2.303452988	-0.190860959
-0.190860959	-6.664629469	2.025230340	-0.384274481
-0.384274481	-0.963092078	-1.466056530	-0.421036158
-0.421036158	-0.478984309	4.370803848	-0.222716195
-0.222716195	8.047529311	-3.146194754	0.052804286
0.052804286	2.763410068	-2.164554864	0.086117407
0.086117407	-1.285595480	-3.147107606	-0.096427274
-0.096427274	-5.756130520	4.473759180	-0.173172694
-0.173172694	2.522204742	1.449416725	0.015277704
0.015277704	4.783561425	-3.568102183	0.092625508
0.092625508	-1.595515950	-0.661601728	-0.012538552
-0.012538552	-2.486668083	-0.348660565	-0.130788996
-0.130788996	-2.124312957	-1.085696370	-0.242472562
-0.242472562	-2.225645323	4.898834533	-0.129234713
-0.129234713	6.468392099	-2.690114407	0.077740550
0.077740550	1.664807518	4.351531155	0.297874623
0.297874623	6.833988064	4.477640661	0.726417936
0.726417936	9.868121768	-0.319504451	1.064039806
1.064039806	3.514566953	-4.852179133	0.910922648
0.910922648	-9.244466868	1.744988442	0.437063563
0.437063563	-9.320152202	2.802023371	0.059774760
0.059774760	-5.444193983	-2.076862380	-0.267645809
-0.267645809	-7.281812627	3.699761803	-0.415879999
-0.415879999	1.328745973	-3.795991231	-0.438096746
-0.438096746	-2.026542991	4.071090552	-0.319065768
-0.319065768	6.504771445	-4.728411707	-0.158231892
-0.158231892	-0.097242478	3.684881163	-0.005904685
-0.005904685	5.901179981	3.974982823	0.404859148
0.404859148	10.042822819	0.061311288	0.801127038
0.801127038	5.535410615	0.203136359	0.950515248
0.950515248	0.417685823	3.248585624	0.963485800
0.963485800	0.098066666	4.698705703	1.015043202
1.015043202	1.907010188	0.812353423	1.004082853
1.004082853	-2.159770367	-4.164657929	0.625917501
0.625917501	-12.545291273	2.651839567	0.070216591
0.070216591	-9.184541871	-3.921860992	-0.497125998
-0.497125998	-12.871924549	-0.902687389	-1.043752062
-1.043752062	-8.650358255	1.721444097	-1.246315737
-1.246315737	0.454999876	4.498463889	-0.916842092
-0.916842092	12.390799297	-0.937115723	-0.267940308
-0.267940308	12.994368241	-1.855827776	0.286611129
0.286611129	8.672066408	3.786609763	0.774816583
0.774816583	10.387719228	4.410132668	1.310200657
1.310200657	10.739966817	-3.162605881	1.545796545
1.545796545	-1.126800972	3.922739293	1.494238269
1.494238269	-0.935605409	4.814104658	1.484303106
1.484303106	0.400303734	-3.307858153	1.229188995
1.229188995	-10.354612768	-1.883860865	0.538424737
0.538424737	-16.731816540	1.508312567	-0.237910320
-0.237910320	-13.570247966	1.604577276	-0.755151266
-0.755151266	-6.749944203	4.666124926	-0.784476854
-0.784476854	5.298267364	-1.889869321	-0.511215525
-0.511215525	5.401095145	-2.635303487	-0.295576622
-0.295576622	3.050237230	2.918638756	-0.010551723
-0.010551723	7.980094402	4.007422151	0.496497248
0.496497248	11.728065281	0.534337062	0.976701844
0.976701844	7.179428640	3.542379729	1.313740193
1.313740193	6.171930394	-1.708539982	1.389534354
1.389534354	-2.901196833	0.942908536	1.144107930
1.144107930	-6.782607157	-2.518885359	0.601723543
0.601723543	-14.440602382	-4.334291969	-0.296734996
-0.296734996	-20.490228531	1.254353783	-1.136917619
-1.136917619	-12.591622778	-1.288528155	-1.634931089
-1.634931089	-7.318897837	4.424988742	-1.660298089
-1.660298089	5.983989342	4.394188709	-1.060421847
-1.060421847	17.721242466	-2.882786652	-0.224199343
-0.224199343	15.069777122	1.316207453	0.536081169
0.536081169	14.567965248	-1.097352954	1.081541520
1.081541520	6.978337325	0.874200192	1.301561493
1.301561493	1.816804443	-3.947374733	1.094870948
1.094870948	-9.797907334	2.783008901	0.616080120
0.616080120	-9.034962121	3.790664014	0.263906078
0.263906078	-4.779189823	4.762382646	0.188740607
0.188740607	1.634156659	-1.887039175	0.162944973
0.162944973	-2.458550034	3.599985916	0.162794457
0.162794457	2.262529123	-2.421070156	0.149463623
0.149463623	-2.589757226	4.854449149	0.192003874
0.192003874	4.028211396	0.655542354	0.365209564
0.365209564	2.743852006	-1.731693151	0.368516094
0.368516094	-2.417794800	2.996608375	0.321843971
0.321843971	0.513111431	2.769841920	0.395397349
0.395397349	2.328818798	0.153936931	0.443955320
0.443955320	-0.352668530	-4.717573798	0.193506634
0.193506634	-9.281775471	-1.090812885	-0.291194150
-0.291194150	-9.593388725	-3.220276645	-0.799736786
-0.799736786	-10.281870404	-2.091938450	-1.240627918
-1.240627918	-7.161828474	0.353808917	-1.415207588
-1.415207588	0.071339229	4.978842782	-1.078054319
-1.078054319	13.116870090	-4.584257661	-0.515207478
-0.515207478	9.042151463	2.345850141	0.051975157
0.051975157	13.008473293	-4.488890962	0.462107244
0.462107244	3.131658894	0.519950272	0.552005361
0.552005361	0.422451262	1.021466271	0.531831488
0.531831488	-1.108938986	-1.993677115	0.336536721
0.336536721	-6.436793502	-4.581224297	-0.169957207
-0.169957207	-13.192365446	-1.046495262	-0.778148448
-0.778148448	-10.610486155	1.475529858	-1.101847680
-1.101847680	-2.267652620	-3.018007707	-1.180845535
-1.180845535	-0.878683906	2.131639732	-1.005060949
-1.005060949	7.661339544	2.189394881	-0.447046317
-0.447046317	14.130960837	3.476267092	0.383534986
0.383534986	18.170502184	-0.834332710	1.122315736
1.122315736	10.938665486	3.635929549	1.631854571
1.631854571	9.366233876	3.754038623	2.068270572
2.068270572	8.234721496	2.485203201	2.427410966
2.427410966	6.395364074	3.367520499	2.769227742
2.769227742	7.565752481	3.498718814	3.223465455
3.223465455	11.020909490	0.360025748	3.798862618
3.798862618	12.531344284	-0.792868010	4.478336815
4.478336815	14.996632871	-1.663897712	5.276861708
5.276861708	16.784202706	4.003400045	6.321157551
6.321157551	23.939657257	-2.644780434	7.300636817
7.300636817	14.522955853	2.240848449	7.931403520
7.931403520	10.617850867	0.846916130	8.317232853
8.317232853	5.012321917	1.154770711	8.463034368
8.463034368	0.959677501	-2.487968167	8.290288487
8.290288487	-7.793614606	-4.964452395	7.587121792
7.587121792	-20.229695109	0.437874917	6.520991474
6.520991474	-21.612897830	4.138438752	5.664524177
5.664524177	-11.925239249	2.701321876	5.310230025
5.310230025	-2.139463051	-4.050439302	5.188961299
5.188961299	-2.638279036	1.494668080	5.258558961
5.258558961	5.152085519	1.575214077	5.679765759
5.679765759	11.304592822	1.196819921	6.319213322
6.319213322	13.598214181	3.747476199	7.065391818
7.065391818	15.506687548	0.657321466	7.697353445
7.697353445	9.569731009	3.455176755	8.128665591
8.128665591	7.739063120	-4.624161485	8.174349189
8.174349189	-5.578953495	-4.558452040	7.589521989
7.589521989	-17.667407749	-3.030519611	6.511585841
6.511585841	-24.564116232	-2.690100513	5.267514185
5.267514185	-24.043036255	2.668623763	4.371583162
4.371583162	-11.905239195	1.669425432	4.005534028
4.005534028	-3.067260424	1.585680416	4.035824571
4.035824571	4.075476105	1.028653375	4.391853652
4.391853652	10.256359433	-0.337335258	5.014200432
5.014200432	14.584947727	2.259588458	5.917907947
5.917907947	20.840214897	4.460550298	7.077981888
7.077981888	24.352393370	4.695380121	8.278857714
8.278857714	23.488343742	-3.826230797	9.142208919
9.142208919	11.906390484	4.984135586	9.886989250
9.886989250	18.553800566	-3.114223965	10.753073558
10.753073558	16.671618261	0.952697807	11.730167937
11.730167937	22.097858452	0.738855269	12.874492530
12.874492530	22.540836919	-3.860342385	13.710008245
13.710008245	10.432546033	0.586764111	14.078813266
14.078813266	4.323743193	-4.246891274	13.968510580
13.968510580	-8.417425212	-0.745965344	13.399686138
13.399686138	-13.998305710	3.699107733	12.790108251
12.790108251	-9.892945088	1.826980429	12.381696440
12.381696440	-6.071776337	-3.279226682	12.016813957
12.016813957	-8.133489723	3.001396844	11.840474588
11.840474588	1.048489769	-0.711993071	11.956089002
11.956089002	3.444694163	4.354201140	12.356147117
12.356147117	12.045802307	4.806990364	13.106970625
13.106970625	17.138254541	-0.364429090	13.798395816
13.798395816	10.178001639	-2.152537914	14.047772599
14.047772599	-0.058997504	1.813597549	13.967464426
13.967464426	-3.097534237	2.986203083	13.789774708
13.789774708	-3.949780407	-2.950778542	13.356864251
13.356864251	-12.996214378	0.417990728	12.676014024
12.676014024	-13.589527478	3.398407102	12.175245197
12.175245197	-6.036545454	3.778014186	12.101691429
12.101691429	2.910268305	1.065443483	12.335400557
12.335400557	6.158102295	1.812041841	12.710792535
12.710792535	8.428783229	-3.697578324	12.928830800
12.928830800	0.195568506	-1.588531767	12.829372794
12.829372794	-3.972809609	4.642243248	12.786474791
12.786474791	2.090299639	0.230085317	12.851732736
12.851732736	0.477699389	-1.079341311	12.795014248
12.795014248	-2.603517183	-2.595156752	12.552084312
12.552084312	-6.796027196	3.641440948	12.386997306
12.386997306	0.219658222	2.367109577	12.506039421
12.506039421	4.355020458	-3.158724438	12.589486806
12.589486806	-0.984560555	4.467282696	12.703657202
12.703657202	5.297691447	1.085654370	12.958487402
12.958487402	4.646200435	0.329225590	13.119695648
13.119695648	1.695743798	0.098983781	13.120363693
13.120363693	-1.502638375	3.028664864	13.091494257
13.091494257	0.306729783	-4.329105397	12.872803908
12.872803908	-8.671472890	0.987889179	12.476396339
12.476396339	-6.798387492	4.581887417	12.357370467
12.357370467	1.988481964	4.828807859	12.652556318
12.652556318	9.397148249	1.792129502	13.127442280
13.127442280	9.129906997	-3.946153273	13.312819027
13.312819027	-1.664250856	1.407827045	13.192609008
13.192609008	-3.025809151	-2.678999782	12.872042513
12.872042513	-9.401551166	-4.704712551	12.230963402
12.230963402	-15.480133847	-0.738692196	11.551210301
11.551210301	-11.225861432	-4.274844720	10.998744455
10.998744455	-10.722271281	-2.515757537	10.546060921
10.546060921	-7.541233866	3.539724149	10.456763814
10.456763814	3.637531317	-3.135073117	10.641329026
10.641329026	3.826005922	0.394908909	10.981175711
10.981175711	9.749419720	-3.254988124	11.468021447
11.468021447	9.610272077	3.514389069	12.174334922
12.174334922	17.985389728	-4.672428003	12.868799817
12.868799817	9.201807033	-0.864082822	13.205478758
13.205478758	4.029576712	-0.755625338	13.268810939
13.268810939	-1.348021152	-3.972434361	12.967224181
12.967224181	-10.313566774	-0.757076257	12.417673460
12.417673460	-11.085636588	1.724207726	12.005888525
12.005888525	-5.072818729	-0.308655602	11.847485629
11.847485629	-1.188691838	-2.739047976	11.794956918
11.794956918	-0.876449838	0.006195729	11.855879573
11.855879573	3.166817405	-0.281809373	12.082856709
12.082856709	5.677365576	-2.165375676	12.324776850
12.324776850	3.789015200	-2.212415913	12.444624673
12.444624673	0.923545994	1.027867622	12.537266068
12.537266068	2.658426329	1.811114705	12.723889485
12.723889485	4.580945567	2.811954007	13.007473249
13.007473249	6.448355359	3.811683184	13.374694796
13.374694796	7.904647331	-2.222872675	13.541965532
13.541965532	-1.145422408	2.333660945	13.457203016
13.457203016	-2.176550052	3.035946264	13.359012809
13.359012809	-1.689295035	1.489822226	13.235569369
13.235569369	-3.130101963	-0.486381388	12.986620906
12.986620906	-6.552964759	2.071876098	12.710257427
12.710257427	-4.256016289	4.076446461	12.651015826
12.651015826	1.738868877	-4.125272378	12.564880013
12.564880013	-4.913893323	-0.764899469	12.319414361
12.319414361	-4.651893614	-0.037638610	12.148732380
12.148732380	-2.044855135	-0.716676020	12.095163117
12.095163117	-0.076641160	-1.797933457	12.095340867
12.095340867	0.042337960	1.114994767	12.201155172
12.201155172	4.028519159	1.532580520	12.489099048
12.489099048	7.146667299	-0.564961581	12.798107938
12.798107938	4.922844638	-4.373801980	12.821006718
12.821006718	-3.779727964	-3.971816325	12.469707324
12.469707324	-9.813043745	1.211491897	12.089281771
12.089281771	-5.092723394	1.246236072	11.977638019
11.977638019	0.601734887	-2.964396223	11.975989461
11.975989461	-0.530377086	-4.813189940	11.861048551
11.861048551	-3.918973033	1.383433300	11.833823114
11.833823114	2.633579482	-1.070400974	12.009517572
12.009517572	4.222584176	-0.211765988	12.267885147
12.267885147	5.840353366	-1.375346827	12.520272315
12.520272315	4.020238257	-1.064165857	12.664285455
12.664285455	1.624514126	-2.255258872	12.637763895
12.637763895	-2.476684757	0.550867665	12.540884975
12.540884975	-1.313756497	2.327698533	12.573405042
12.573405042	2.405174390	-2.610900451	12.580701211
12.580701211	-1.936256256	-2.827802496	12.391230457
12.391230457	-5.391065436	2.165880468	12.258667599
12.258667599	0.101006545	2.541750255	12.397511976
12.397511976	5.233387055	0.279654842	12.664788446
12.664788446	5.176952187	-0.327614337	12.867227151
12.867227151	2.748196564	2.311376032	13.028362687
13.028362687	3.527572596	-4.702170559	12.945443431
12.945443431	-6.495435938	-4.951279520	12.416359505
12.416359505	-14.004845251	0.469683093	11.824925412
11.824925412	-9.170495429	-1.978184996	11.434673603
11.434673603	-6.243146179	3.092165837	11.400120843
11.400120843	4.593718829	2.429212504	11.839348488
11.839348488	12.592888749	-3.436430713	12.381318661
12.381318661	8.633286455	3.802199772	12.936178715
12.936178715	12.917203904	2.533800731	13.561189080
13.561189080	11.598049819	-2.072734379	13.891802414
13.891802414	1.644731507	-1.810139935	13.756950376
13.756950376	-6.831989426	0.039830094	13.304741966
13.304741966	-10.928095792	-0.422947123	12.693448505
12.693448505	-12.914529153	-1.962415658	12.021268965
12.021268965	-13.280859441	-1.946864686	11.421911339
11.421911339	-10.325805018	2.967454756	11.193113439
11.193113439	1.031285965	-3.671925154	11.246284544
11.246284544	1.082347441	2.538690716	11.534964621
11.534964621	10.217093442	1.545375346	12.189099134
12.189099134	15.355897907	2.271011884	13.020327122
13.020327122	17.006627065	4.020760015	13.879811904
13.879811904	16.812933255	3.295737185	14.653240687
14.653240687	14.271541421	3.251753306	15.343377875
15.343377875	13.883790308	-4.653659987	15.797550921
15.797550921	4.887934771	1.417491808	16.107294846
16.107294846	7.773924131	0.094085814	16.555114720
16.555114720	10.479872948	1.631488915	17.244196069
17.244196069	17.256963624	2.425224524	18.299057767
18.299057767	24.335315789	0.426164119	19.494315048
19.494315048	22.291301019	-3.919325148	20.281625976
20.281625976	9.009627902	3.540597949	20.689323688
20.689323688	7.352821294	1.235518010	20.939853404
20.939853404	2.839372474	2.448338730	21.033386298
21.033386298	0.982723392	-1.227604325	20.910899455
20.910899455	-5.810984242	0.498899205	20.515736427
20.515736427	-10.055413982	0.984272224	19.926861707
19.926861707	-13.333153186	1.968783264	19.256276370
19.256276370	-12.979248810	2.664921447	18.712157653
18.712157653	-8.290345027	2.023157548	18.437062650
18.437062650	-2.522597486	-2.309576127	18.301619269
18.301619269	-2.764710874	2.713625072	18.356377854
18.356377854	4.674561266	1.982817993	18.708434918
18.708434918	8.991729554	-2.206796644	19.049580384
19.049580384	4.365043910	-2.142835046	19.132782201
19.132782201	-1.000943525	0.575878152	19.072576737
19.072576737	-1.340619512	-1.525860672	18.927535416
18.927535416	-4.265707972	0.768293032	18.756634689
18.756634689	-2.417874660	-0.125286984	18.661757773
18.661757773	-1.295000199	-4.670912834	18.462681199
18.462681199	-6.389160068	-4.759732654	18.055768301
18.055768301	-9.483877424	-2.490384623	17.636475765
17.636475765	-7.089622345	-2.294480062	17.363695641
17.363695641	-3.810024443	1.115736081	17.378977767
17.378977767	4.182409241	-0.474413736	17.705268850
17.705268850	8.715499945	1.147818911	18.285690883
18.285690883	14.028331128	0.057633490	19.001080002
19.001080002	13.859854045	1.060352982	19.642791208
19.642791208	11.253264634	-4.404713929	19.884733974
19.884733974	-1.493210027	-0.944426159	19.655579580
19.655579580	-7.440207088	0.192975855	19.218320661
19.218320661	-9.636005565	4.382617685	18.895292191
18.895292191	-3.050527876	0.889087033	18.788795832
18.788795832	-1.125945200	0.864294215	18.782585189
18.782585189	0.736697331	2.613352160	18.917541390
18.917541390	4.462875303	1.894948632	19.174727107
19.174727107	5.542250543	-2.124740600	19.294420092
19.294420092	-0.736120618	3.071905755	19.312703934
19.312703934	1.300534356	1.382781333	19.351062153
19.351062153	0.214340014	1.455644083	19.344122506
19.344122506	-0.397081794	2.454983307	19.348224175
19.348224175	0.426096562	3.874550781	19.434943606
19.434943606	2.926336058	-4.573703182	19.313436112
19.313436112	-7.402922832	1.532511423	18.972227462
18.972227462	-5.923455358	0.208483406	18.698678259
18.698678259	-4.747967656	3.696140851	18.646770909
18.646770909	2.496895295	-2.650977792	18.686941384
18.686941384	-0.802723331	4.379376643	18.833737383
18.833737383	6.373607637	-0.877210720	19.086928151
19.086928151	3.531826114	-1.107250546	19.165425078
19.165425078	-0.372475143	-4.118648361	18.954408923
18.954408923	-7.740235734	2.084507915	18.670874146
18.670874146	-3.368673312	-1.050129399	18.511019193
18.511019193	-2.870029438	-3.444714161	18.307344865
18.307344865	-5.049344888	-1.358297013	18.108547370
18.108547370	-2.769685860	1.599697190	18.144317099
18.144317099	3.952738908	-0.491073435	18.398822075
18.398822075	5.973069878	-3.196939392	18.611243710
18.611243710	2.366660916	0.958669456	18.783994327
18.783994327	4.333623623	-2.136228685	18.905265498
18.905265498	0.447848320	0.521388076	18.931043435
18.931043435	0.554500693	-1.493828107	18.892312107
18.892312107	-1.985984501	1.527312009	18.858258231
18.858258231	0.580960542	1.052507855	18.916830156
18.916830156	1.683467385	-0.395660065	18.962827882
18.962827882	0.131502366	-2.718583657	18.854649951
18.854649951	-4.240097849	-2.732106793	18.565614931
18.565614931	-6.978126330	-4.343780010	18.133594078
18.133594078	-9.859636222	2.522566048	17.878121200
17.878121200	-0.328421050	-3.311998099	17.868705098
17.868705098	-0.046893426	-3.492603409	17.866361443
17.866361443	-0.045501122	-1.558806630	17.927501812
17.927501812	2.378882670	-3.392358577	18.024698741
18.024698741	1.456843423	4.295503765	18.357400756
18.357400756	11.429415986	-3.540710819	18.810821843
18.810821843	6.323347309	3.824861729	19.240019210
19.240019210	10.339166910	-3.115462131	19.532978415
19.532978415	1.254529631	-4.452358739	19.333125878
19.333125878	-8.884302465	4.707420095	19.039974566
19.039974566	-2.642910514	-3.948929309	18.750565263
18.750565263	-8.540075423	0.133003495	18.388191439
18.388191439	-5.633058942	2.899477964	18.309575176
18.309575176	2.321387341	0.750701670	18.514906460
18.514906460	5.646300575	-4.849805782	18.634498286
18.634498286	-0.846601680	-0.979060939	18.597126479
18.597126479	-0.613404875	-3.812695949	18.470302814
18.470302814	-4.276707581	-2.925934352	18.227364903
18.227364903	-5.202009127	-4.627597444	17.908572179
17.908572179	-7.279294783	-0.379158070	17.683688515
17.683688515	-1.685693893	-1.476105575	17.690234689
17.690234689	1.774528448	3.384029064	18.033762905
18.033762905	11.626829648	2.378073776	18.759444581
18.759444581	16.649017106	-3.079687340	19.408192023
19.408192023	8.764085198	0.271601757	19.734956394
19.734956394	4.120959622	-4.980363546	19.620112043
19.620112043	-8.329761786	-2.160491137	19.058629102
19.058629102	-13.535658528	2.884791334	18.526493248
18.526493248	-7.287732296	0.937538584	18.282689647
18.282689647	-2.308871112	-3.681283093	18.125681015
18.125681015	-3.816154704	-3.206499834	17.935158637
17.935158637	-3.669909125	-3.747180538	17.749298644
17.749298644	-3.660102273	1.152216915	17.758634211
17.758634211	3.798826337	0.623944560	18.087268562
18.087268562	9.063258500	1.544693512	18.658274394
18.658274394	13.186332327	-1.969193241	19.205981156
19.205981156	8.225503775	-1.776333249	19.456795802
19.456795802	1.673580064	-0.132610642	19.441093337
19.441093337	-2.112288576	-3.110374068	19.150598696
19.150598696	-9.127969120	3.426677226	18.824951463
18.824951463	-3.640460616	-2.329596901	18.582500435
18.582500435	-5.772310086	-3.777860899	18.224258348
18.224258348	-8.180189824	-3.057100179	17.827436364
17.827436364	-7.421538435	1.390528593	17.668532416
17.668532416	0.972062061	1.288415686	17.897174121
17.897174121	7.956002334	0.869622072	18.414019143
18.414019143	12.240302371	3.519546448	19.158742063
19.158742063	16.708075751	-1.168241496	19.826738239
19.826738239	9.569389100	2.900955211	20.251487686
20.251487686	7.291496331	-1.724061012	20.376071193
20.376071193	-2.138061712	-2.850235192	20.019062665
20.019062665	-11.921320295	-3.194239473	19.211733990
19.211733990	-19.662144067	-3.161044009	18.154046206
18.154046206	-21.546499136	-2.485415478	17.163232869
17.163232869	-17.775560938	1.822206405	16.529536482
16.529536482	-8.008517659	0.992558739	16.290532510
16.290532510	-1.837306114	2.261725883	16.372206658
16.372206658	4.994105581	4.371740887	16.880518996
16.880518996	15.513430409	2.366472048	17.855755910
17.855755910	23.307423583	-0.520540215	19.027923557
19.027923557	22.493618770	4.408492094	20.187261995
20.187261995	23.014989917	-2.720805882	21.029263703
21.029263703	11.031977152	1.031795542	21.481721569
21.481721569	7.472688234	-1.605126057	21.711146502
21.711146502	2.008887389	0.454390893	21.780614427
21.780614427	0.857749262	-0.146625460	21.782201946
21.782201946	-0.652122098	-4.646380805	21.540815468
21.540815468	-9.118029646	-4.472161439	20.849139919
20.849139919	-18.915724639	4.292731821	19.965376977
19.965376977	-16.453334830	-2.546988559	18.978854424
18.978854424	-22.105257368	-3.152518477	17.843629521
17.843629521	-22.252804704	0.337610914	16.943718835
16.943718835	-13.784239240	2.058098012	16.500679768
16.500679768	-4.331838504	2.647261968	16.501775303
16.501775303	4.132749334	-4.599822143	16.633193579
16.633193579	1.256227350	3.669883296	16.955491064
16.955491064	11.645084268	4.363084599	17.823186908
17.823186908	22.819471528	-3.069999624	18.881923994
18.881923994	18.632975412	3.593733283	19.852631417
19.852631417	19.316129531	-0.849101124	20.593514238
20.593514238	10.320318210	2.645309404	21.038276912
21.038276912	7.691660242	-4.021579217	21.131328218
21.131328218	-3.620314093	2.823380634	20.949828059
20.949828059	-3.748536062	-2.757971607	20.532104565
20.532104565	-12.969255397	-1.122948682	19.725361647
19.725361647	-18.980824728	-4.649263807	18.572355371
18.572355371	-25.916673119	3.027325502	17.546146066
17.546146066	-14.583368630	-3.096632053	16.887562745
16.887562745	-11.848523291	2.581806234	16.555767584
16.555767584	-1.764466499	2.334477001	16.672108143
16.672108143	6.335409452	-1.732987421	17.037793292
17.037793292	8.419951447	-4.133275273	17.428735682
17.428735682	7.252474462	-3.662216923	17.777286624
17.777286624	6.582232442	-3.281702404	18.086683674
18.086683674	5.609713038	-4.647687293	18.268674575
18.268674575	1.579244846	-2.142170666	18.337565445
18.337565445	1.121123636	-1.922077217	18.384818665
18.384818665	0.730813547	-3.350277321	18.358590813
18.358590813	-1.601277831	3.587151157	18.486068369
18.486068369	6.419499069	-4.816373635	18.646165614
18.646165614	-0.040971561	0.954661690	18.706172479
18.706172479	2.304870584	0.769603709	18.855072077
18.855072077	3.476675955	-3.290126511	18.885930677
18.885930677	-2.071907051	0.098739726	18.795823666
18.795823666	-1.446674484	2.561698884	18.835229340
18.835229340	2.798344322	-0.372618197	18.944803765
18.944803765	1.488823463	-4.497090640	18.834739180
18.834739180	-5.629373398	0.731322047	18.614435827
18.614435827	-2.992209177	-1.152839321	18.476013559
18.476013559	-2.414094063	-4.751541396	18.249189206
18.249189206	-6.386668361	3.687788696	18.182783815
18.182783815	3.517691893	3.109969194	18.547011448
18.547011448	10.608558590	-0.010325255	19.067064273
19.067064273	9.662873329	0.939361434	19.503681082
19.503681082	7.420961552	-4.744599151	19.571867358
19.571867358	-4.450020840	-1.232431131	19.228215602
19.228215602	-8.922438574	-2.971010994	18.662683402
18.662683402	-13.047603541	1.317444085	18.151643010
18.151643010	-7.004408740	-1.410888582	17.878608499
17.878608499	-3.774200258	-0.476237522	17.814752392
17.814752392	1.102688766	-0.207285847	17.982472148
17.982472148	5.439743057	-2.550491449	18.246717970
18.246717970	4.930969599	-2.272317633	18.466623177
18.466623177	3.679479017	-1.820641089	18.616466130
18.616466130	2.185899359	0.343998369	18.757390063
18.757390063	3.287713028	-3.914412944	18.771047443
18.771047443	-2.548472259	1.947459923	18.743232657
18.743232657	1.287954585	-0.854371203	18.780127024
18.780127024	0.165931786	-1.088482395	18.761358655
18.761358655	-0.843051528	3.519762581	18.863324544
18.863324544	4.692026356	-0.678929087	19.043208788
19.043208788	2.350016853	-2.160565622	19.039016844
19.039016844	-2.323934557	-3.099504964	18.795797994
18.795797994	-7.077446091	-0.684377547	18.462853893
18.462853893	-5.915983323	2.095892157	18.333430363
18.333430363	0.720837596	4.063350696	18.586071363
18.586071363	9.015515448	4.632415649	19.200741611
19.200741611	14.840968967	-4.141506989	19.666536785
19.666536785	3.560635647	-4.783145955	19.539919011
19.539919011	-8.234542582	0.713211501	19.099922884
19.099922884	-8.942867516	1.123223387	18.704493184
18.704493184	-6.495785637	-4.260811121	18.278091627
18.278091627	-10.085280895	1.951520647	17.975295964
17.975295964	-1.914723929	-1.944893387	17.935038155
17.935038155	0.258083333	0.296573206	18.071906124
18.071906124	5.050160167	-2.351633448	18.315751936
18.315751936	4.507918015	1.389478204	18.643676064
18.643676064	8.232053604	3.767770399	19.182139193
19.182139193	12.675869156	0.736438576	19.733506623
19.733506623	8.964166108	-1.331406814	19.976939858
19.976939858	0.763352458	1.106325169	19.921306962
19.921306962	-2.869212672	-3.878495168	19.515132095
19.515132095	-12.958460495	-0.101922153	18.832812690
18.832812690	-13.649380060	-0.634372283	18.197605450
18.197605450	-11.170848149	0.411208861	17.795667758
17.795667758	-4.730869438	3.361762231	17.835189010
17.835189010	6.011646128	-3.315230284	18.111799080
18.111799080	4.882614438	-4.641208510	18.257768033
18.257768033	0.894100466	4.607973060	18.548533582
18.548533582	10.321250435	-2.279069857	18.970976057
18.970976057	6.196048123	1.668079951	19.290611900
19.290611900	6.264976420	2.783262187	19.611005107
19.611005107	6.272606831	-3.434275754	19.663848826
19.663848826	-3.924799572	2.069494480	19.456970309
19.456970309	-4.181274284	-0.084428152	19.182819728
19.182819728	-6.493097937	-1.843458682	18.776048739
18.776048739	-9.311452766	4.385506543	18.533198677
18.533198677	-0.288671843	3.624863997	18.697668017
18.697668017	6.557414630	-1.363155921	18.961386620
18.961386620	3.755635596	-2.442489730	19.020624494
19.020624494	-1.253104980	4.354270123	19.096457286
19.096457286	4.088670795	0.742833544	19.267788917
