3
1000
0.371074256	-3.033813189	-0.829779953	-0.291777731
-0.291777731	-3.274495024	-4.076614052	-0.156778515
-0.156778515	-6.996089461	-1.032325258	-0.763852054
-0.763852054	-1.666844108	1.852195004	-0.299310985
-0.299310985	0.620796759	-4.726124068	-1.215858820
-1.215858820	-7.430067984	0.586898284	0.039698935
0.039698935	1.086467559	3.007445687	0.252694455
0.252694455	16.165556579	1.923226157	-0.114281468
-0.114281468	9.592365543	-4.149557886	0.106215871
0.106215871	0.205670514	3.781425034	0.678525063
0.678525063	5.167989829	4.578895302	1.133773775
1.133773775	9.277835994	-1.844843690	1.230701319
1.230701319	4.536891462	-4.817117227	0.333533959
0.333533959	-11.274858536	2.481656544	-0.116652658
-0.116652658	-7.356616357	-3.967739934	-0.753636997
-0.753636997	-17.354787899	-2.063858516	-0.919156281
-0.919156281	-15.555893275	-4.806330421	-1.707946821
-1.707946821	-15.768207174	-2.344533406	-2.741980499
-2.741980499	-5.879866442	0.741176055	-2.667439042
-2.667439042	-1.927831266	1.997583600	-2.163642002
-2.163642002	0.225656232	1.944001577	-1.410205635
-1.410205635	15.728980182	0.358964059	-0.477351953
-0.477351953	24.771975167	4.445947560	-0.034448690
-0.034448690	27.932770462	-3.625252959	1.065014498
1.065014498	16.267183336	-1.023231630	2.096931991
2.096931991	4.571327622	-1.522341403	1.893276311
1.893276311	-2.720197839	3.833060912	1.311959556
1.311959556	1.571809458	-1.511016580	1.115577919
1.115577919	-18.837282700	-0.719088101	0.301656068
0.301656068	-14.226983091	4.494892587	-0.600648961
-0.600648961	-0.887160749	-0.918631972	-1.246850072
-1.246850072	-4.712293664	0.736794867	-0.727622422
-0.727622422	6.034230981	-1.733550982	-0.170950936
-0.170950936	2.668836724	-1.427302400	-0.001093614
-0.001093614	4.917116374	-4.841787572	-0.901735480
-0.901735480	-7.622512532	4.973228505	-0.228004065
-0.228004065	5.128194511	4.325954630	0.367279398
0.367279398	17.045082881	2.554630526	0.727097498
0.727097498	8.892446023	2.115247586	1.099682439
1.099682439	8.603728624	-4.737890131	1.736227755
1.736227755	-2.589934795	3.600279487	1.264909180
1.264909180	-5.205794791	3.420308924	1.725678940
1.725678940	-3.513507621	0.857592715	1.232132491
1.232132491	-12.008927033	-4.813527106	0.245675805
0.245675805	-12.148834164	3.071051956	-0.355598904
-0.355598904	-15.072867572	2.471216427	-1.408047510
-1.408047510	-12.308146584	-4.400823105	-1.252840242
-1.252840242	-3.573436177	-3.925058709	-1.437525131
-1.437525131	-8.541226614	0.597169821	-1.173848067
-1.173848067	0.919346683	4.672763300	-0.651084372
-0.651084372	7.656685180	-2.476742554	0.045261734
0.045261734	17.249134466	0.813589273	0.442058721
0.442058721	13.773531380	-2.601522409	0.323756054
0.323756054	-4.983016284	3.289808996	0.853483828
0.853483828	3.897226127	-4.299778563	0.515210602
0.515210602	-5.709624125	0.688514371	0.114976278
0.114976278	-9.014829946	0.797452192	-0.038298099
-0.038298099	-8.825255156	2.453344309	-0.481851027
-0.481851027	-0.058949219	-4.336651656	-0.385259366
-0.385259366	-8.860128714	-2.898259901	-0.590757775
-0.590757775	-11.078022279	-2.396849014	-0.911107452
-0.911107452	3.062394386	1.394608809	-1.445243704
-1.445243704	7.279233104	-2.367032295	-0.444185236
-0.444185236	10.969635887	2.721780295	-0.618130778
-0.618130778	12.769545170	-4.860484270	0.806062505
0.806062505	3.310353878	4.490163207	0.579150586
0.579150586	7.001370098	4.156063498	0.839002426
0.839002426	10.720868539	-0.140093329	1.503902073
1.503902073	2.280922750	4.261814267	1.086331578
1.086331578	1.772240481	4.632625284	1.555954168
1.555954168	-1.330812872	-3.649208420	1.722752178
1.722752178	-13.336728527	4.479702112	0.968677339
0.968677339	-12.935052152	-3.238037444	0.498756195
0.498756195	-10.043295398	3.094906921	0.239842621
0.239842621	-8.767670909	0.820141799	-0.470429269
-0.470429269	-5.796786805	4.053923187	-0.615047327
-0.615047327	3.124814536	2.986035912	-1.031759839
-1.031759839	10.219120906	0.991103076	0.769771383
0.769771383	7.871113400	-0.663236510	0.746405231
0.746405231	1.994951723	3.928887085	0.962250912
0.962250912	4.023550670	2.879292338	1.311863172
1.311863172	9.498598528	-0.798063200	1.803781160
1.803781160	-4.385812662	-4.995979751	0.752213756
0.752213756	-12.570452761	4.737835384	0.185244772
0.185244772	-11.949785112	0.747115047	-0.181203345
-0.181203345	-4.337246414	0.868333407	-0.162501266
-0.162501266	-0.626478172	2.550821885	-0.222946361
-0.222946361	4.450868229	-1.773190032	-0.196689736
-0.196689736	1.982100186	-1.178972480	0.077056121
0.077056121	1.064000319	-1.826160540	0.169223901
0.169223901	-3.896434191	4.738020779	-0.016849942
-0.016849942	7.155083205	-0.732989907	0.846074937
0.846074937	4.874574623	3.799982886	0.343724955
0.343724955	10.253072702	-2.297917380	0.806788498
0.806788498	-1.409982821	0.277146463	0.484843560
0.484843560	-3.313079695	2.331425253	0.254233043
0.254233043	-4.561961551	0.688579907	0.035112883
0.035112883	-5.908401515	-4.317906516	-0.334363510
-0.334363510	-2.855200189	4.828171137	-0.082688621
-0.082688621	1.438640021	3.749616450	-0.133984359
-0.133984359	5.681726479	-3.390285632	0.272830758
0.272830758	-0.085379117	-2.749600422	0.457641516
0.457641516	-5.620242862	4.163055535	-0.229949942
-0.229949942	2.742088809	-3.891086993	-0.255051834
-0.255051834	-7.482049875	2.285856680	-0.101989272
-0.101989272	2.010940510	3.516718749	-0.517527994
-0.517527994	5.689066615	-2.663338608	0.005195692
0.005195692	1.473116413	-0.228590130	0.322489793
0.322489793	-11.103400485	0.440101188	-0.009246054
-0.009246054	-1.029110394	2.515278171	-0.253533374
-0.253533374	0.012508371	2.852960282	0.559676657
0.559676657	4.771659909	3.729223764	0.949639080
0.949639080	10.689275668	4.498059914	1.184155761
1.184155761	12.212500382	-4.012565982	1.490952878
1.490952878	-9.665382464	1.102408126	1.055180454
1.055180454	-8.664952476	2.702387346	0.735008641
0.735008641	-8.082657360	-2.429307012	0.104007480
0.104007480	-9.436433386	2.965886780	-0.605295339
-0.605295339	-8.452369938	4.904717836	-0.191929408
-0.191929408	15.919521583	4.013084363	0.194638026
0.194638026	6.077092539	1.366044000	0.175430094
0.175430094	4.341721873	-1.442948290	0.549346525
0.549346525	-0.751846584	2.456371927	1.120807725
1.120807725	2.214674359	3.623462528	0.887962750
0.887962750	1.102368997	-3.113631990	0.515316397
0.515316397	-10.911636865	4.897517077	0.824968625
0.824968625	-3.920547237	-2.378269162	0.116662130
0.116662130	-12.819266262	-4.430705616	-0.635807670
-0.635807670	-16.932331381	2.986042448	-0.659969119
-0.659969119	-4.894991377	0.934324495	-0.848068362
-0.848068362	3.341249833	2.498583107	-0.312798360
-0.312798360	4.068965300	4.594343211	0.153155031
0.153155031	19.758867155	2.093872512	0.732895298
0.732895298	10.390201538	-2.785672657	0.946918366
0.946918366	4.394506554	-0.713811713	1.667892644
1.667892644	0.654451911	3.029632374	1.535005544
1.535005544	-5.698480741	-1.575458802	0.903134460
0.903134460	-17.265875062	3.240098704	-0.212536527
-0.212536527	-14.702124112	-4.216131001	-0.565286438
-0.565286438	-25.573741000	-0.414161863	-0.978491697
-0.978491697	-5.978513255	2.548614814	-1.209555466
-1.209555466	-0.557192670	-0.475951733	-0.393445775
-0.393445775	2.678422127	-0.259960734	-1.264331553
-1.264331553	9.227309094	4.046861603	0.022112460
0.022112460	9.062610577	-3.743586189	0.112271473
0.112271473	15.321542604	0.386272826	1.258883302
1.258883302	1.576432619	2.959669419	0.468413131
0.468413131	4.847639556	-3.422699301	1.526307887
1.526307887	-3.707458268	4.058094960	1.530476351
1.530476351	-5.126674552	2.318004091	0.055930079
0.055930079	-9.817634586	-2.501493198	-0.391961924
-0.391961924	-10.642211213	3.126105880	-0.241657028
-0.241657028	11.726848649	3.190891786	-0.282354138
-0.282354138	6.582525738	0.336533450	0.125271128
0.125271128	3.575713576	-1.334433561	-0.125790787
-0.125790787	2.364610215	4.388864774	0.083804037
0.083804037	4.800600061	3.910189543	1.197385183
1.197385183	7.777693247	-1.740101882	0.732907879
0.732907879	1.071976047	1.902278682	-0.018701818
-0.018701818	-1.007418582	-2.099031483	0.524615875
0.524615875	-2.815275367	-1.885557859	-0.446575654
-0.446575654	-12.164700692	-0.735252115	-0.087859860
-0.087859860	-6.058634194	4.318611166	-0.889959457
-0.889959457	-2.886874706	4.202065143	-0.521043514
-0.521043514	5.028119346	-2.726902637	-0.111762559
-0.111762559	9.168543793	1.070941620	0.495531014
0.495531014	1.297423063	-3.148696017	0.359661015
0.359661015	-5.927615633	0.742190888	0.456530305
0.456530305	-2.931466964	-2.711863290	-0.257781565
-0.257781565	-6.456867124	0.190159841	0.015521413
0.015521413	-5.461484989	4.967534252	0.196476827
0.196476827	5.266713977	4.759890683	-0.179420092
-0.179420092	9.136154455	-4.675736747	0.305343671
0.305343671	8.083370876	-0.482668513	0.806748219
0.806748219	0.431659464	-3.320167068	0.286856518
0.286856518	-7.215602634	3.242378396	-1.082575762
-1.082575762	-4.604993393	-0.231176665	0.041510099
0.041510099	-1.452279067	-0.079281985	-0.499301067
-0.499301067	-2.807558064	-0.425950839	-0.609093015
-0.609093015	4.254718153	2.582782605	-0.227071193
-0.227071193	5.195755887	-2.797657738	0.027964554
0.027964554	-2.573649094	2.548914571	0.165204449
0.165204449	6.277963831	-1.874986215	-0.118799288
-0.118799288	-10.299177143	2.701499563	0.493539900
0.493539900	-10.361073182	0.190823222	0.494878935
0.494878935	-0.534601760	1.724698447	0.480855955
0.480855955	-2.146039145	4.147886867	0.797288017
0.797288017	6.569146619	3.593178061	0.771320427
0.771320427	3.788154058	1.736984239	1.144766930
1.144766930	2.327837152	0.605299905	0.820221194
0.820221194	1.055271064	3.558283673	1.182086098
1.182086098	-1.459094756	-2.103972538	0.714979392
0.714979392	-13.414213031	3.076984091	0.034507861
0.034507861	-4.726571516	2.672845084	0.015648529
0.015648529	-6.476696151	2.444731531	-0.216818782
-0.216818782	-1.493949700	-3.010520766	-0.617771081
-0.617771081	-1.921672934	-4.733721153	-0.602846704
-0.602846704	-14.156681974	2.997765369	-0.169423321
-0.169423321	1.244855354	-2.923743382	-0.908628629
-0.908628629	2.424997612	0.538846111	-0.476150008
-0.476150008	4.069094149	-0.646940424	-0.776240921
-0.776240921	13.011751462	-0.219686920	-0.685698982
-0.685698982	5.122560946	-3.401663497	-0.289653013
-0.289653013	2.917059262	-0.957980942	0.108718488
0.108718488	4.353544653	-3.112549331	-0.025424196
-0.025424196	1.054439403	-2.892676079	-0.294213715
-0.294213715	-7.550938874	1.382187106	-0.443086273
-0.443086273	-2.045968039	2.316064712	-1.080941316
-1.080941316	11.633658780	2.821818168	-0.081056040
-0.081056040	9.725527217	-3.077499832	0.994465105
0.994465105	2.283808357	-4.198963562	0.343959457
0.343959457	-7.597624591	0.306974385	-0.507072511
-0.507072511	-4.807957735	-2.935459411	-0.462739934
-0.462739934	-16.117864000	-2.384504482	-1.187770188
-1.187770188	-0.112355795	2.875518397	-0.757995101
-0.757995101	-8.331819155	-3.228388356	-1.115193520
-1.115193520	0.786499080	2.871162897	-0.820731684
-0.820731684	9.040802040	2.400775432	0.349799677
0.349799677	16.874568402	-2.833827917	1.189207329
1.189207329	-4.329621759	-3.234509657	0.605096731
0.605096731	-3.989230459	3.602369974	0.754364430
0.754364430	12.653409157	2.587469310	0.756663138
0.756663138	5.252042632	-2.219149514	0.483641370
0.483641370	-0.353609866	0.166887829	0.304750305
0.304750305	-1.882845315	-1.251240565	-0.250077112
-0.250077112	-5.799926651	1.132112115	-0.190267045
-0.190267045	3.843803358	-4.968871422	-0.821427802
-0.821427802	-9.385312087	-2.606842926	-0.713533844
-0.713533844	-4.968919025	-1.979032687	-1.323611226
-1.323611226	-5.344164505	-2.132883504	-1.244769461
-1.244769461	-0.116016154	1.138710897	-0.635695924
-0.635695924	6.239466939	-0.558828930	-0.429869366
-0.429869366	7.055646536	-1.543011788	-0.252690794
-0.252690794	10.185758646	-0.327541761	0.228693993
0.228693993	9.540458020	3.773604747	0.929173342
0.929173342	5.992066918	-0.430342994	1.163932465
1.163932465	4.469336185	-0.670184930	0.901953994
0.901953994	-3.599489393	2.667745872	0.213441444
0.213441444	-2.084260278	3.428998402	0.605383702
0.605383702	-3.382718709	4.427625754	0.160655097
0.160655097	4.673006846	3.479393924	1.407315893
1.407315893	4.964711398	0.402609404	0.254036364
0.254036364	5.406011445	3.379779620	0.614246109
0.614246109	8.492699290	-4.222854297	0.664363594
0.664363594	-5.804360278	-4.910608976	-0.543032259
-0.543032259	-13.120162971	-0.601691858	-1.484088325
-1.484088325	-6.333910023	-0.221379956	-1.464291867
-1.464291867	-1.346331873	3.959699670	-1.387515425
-1.387515425	4.939029631	-0.814219742	-1.546181203
-1.546181203	19.972145902	0.057420175	-0.890521149
-0.890521149	10.587615954	-2.057843118	0.220811459
0.220811459	9.711095665	-4.859077058	0.797149785
0.797149785	0.748519932	0.070799233	0.228700017
0.228700017	0.377901790	2.778484769	0.130335881
0.130335881	-6.447850273	-3.202057023	-0.217085460
-0.217085460	-6.274965448	-0.913627750	-0.224341024
-0.224341024	-0.533441905	4.752223424	-0.285347341
-0.285347341	6.174959852	1.363061259	-0.198194387
-0.198194387	9.752985463	1.195867394	0.126207761
0.126207761	4.689783986	-0.670614913	0.292206036
0.292206036	5.584297458	1.973688756	0.584410334
0.584410334	1.112248116	-2.047112056	0.960253067
0.960253067	-11.456171619	3.553564126	0.697054320
0.697054320	-1.435517640	0.853484589	0.048638979
0.048638979	1.593510408	4.218683055	0.232255090
0.232255090	-0.490981383	1.824537098	0.845968162
0.845968162	1.488605647	-0.832760376	0.050271918
0.050271918	-3.950331941	2.797442955	0.667609967
0.667609967	2.280861672	-3.554022792	0.257030243
0.257030243	-5.528598391	1.884973179	-0.070047084
-0.070047084	-5.994305984	-2.727024591	-0.618329274
-0.618329274	-6.644571694	-1.446920884	-0.557452199
-0.557452199	-4.901575117	2.073166027	-1.250106968
-1.250106968	1.961125323	-3.300592858	-1.347304773
-1.347304773	-0.272794529	3.753327264	-0.452901986
-0.452901986	4.410056129	-0.710676660	-0.333498947
-0.333498947	13.067098075	-1.575593589	0.261653357
0.261653357	4.356620217	3.003322458	0.584534461
0.584534461	3.799300615	-3.545343897	0.841378727
0.841378727	-1.897748774	3.596509536	0.470063108
0.470063108	11.501717686	-3.752486999	0.245200665
0.245200665	-6.831752212	4.482991741	-0.078322061
-0.078322061	-2.355798076	0.656621125	0.212821047
0.212821047	3.312114031	0.992697557	0.325559677
0.325559677	-3.604334423	0.793605403	-0.126191273
-0.126191273	-4.480700072	4.913465087	0.175470032
0.175470032	9.620472956	-0.772473384	0.394349916
0.394349916	-3.615552942	-4.520074360	0.583359681
0.583359681	-8.340247026	2.035193311	0.619500513
0.619500513	-6.449404752	-3.118057400	-0.232679433
-0.232679433	-9.220018247	2.953011674	-0.471680603
-0.471680603	-2.488116626	-4.715091505	-0.807589331
-0.807589331	-5.962216079	-2.707949727	-0.500355853
-0.500355853	-6.350328081	-0.302109599	-0.911535440
-0.911535440	6.722923962	2.744101333	-0.959116202
-0.959116202	14.574054686	-1.450471489	-0.435823983
-0.435823983	20.102279490	-4.564657362	-0.632242745
-0.632242745	1.830702988	0.167063598	0.321467241
0.321467241	6.665677224	1.309592003	0.346163111
0.346163111	4.386541715	-0.481637506	0.241359166
0.241359166	-3.934258336	-0.051569158	-0.148731706
-0.148731706	-0.103563908	-1.306000744	-0.004735370
-0.004735370	2.222018638	-0.229870056	-0.143822774
-0.143822774	-5.457427320	0.276187723	-0.362113916
-0.362113916	-10.634924268	-4.279879648	-0.408678740
-0.408678740	-0.423990536	-2.088460594	-0.576681409
-0.576681409	-4.760569320	-3.906170858	-1.523842285
-1.523842285	-6.446548909	-3.563930021	-1.397929518
-1.397929518	-2.292516731	2.969622520	-1.524254328
-1.524254328	0.353988364	-2.097020029	-1.077909170
-1.077909170	8.397462982	-1.013409401	-0.790913691
-0.790913691	3.411860970	-4.290815995	-0.005200229
-0.005200229	0.961548133	-3.862036436	-0.149000481
-0.149000481	1.850864959	-1.789736858	0.164740496
0.164740496	2.459877521	3.344865140	-0.826417484
-0.826417484	4.013374159	-4.602712933	0.121857550
0.121857550	-1.856232482	-1.508325870	-0.043348733
-0.043348733	-2.271555642	0.396491101	-0.516939187
-0.516939187	-1.585892218	3.770343893	-0.081245071
-0.081245071	4.358920553	-1.716386099	-0.590988674
-0.590988674	2.101409442	1.714291711	0.222070876
0.222070876	3.105295924	3.701917462	0.700100918
0.700100918	1.762895193	0.715420927	1.439828044
1.439828044	5.465685532	3.741259356	1.038314272
1.038314272	0.518973696	-2.161981651	1.520655437
1.520655437	-8.035167002	0.546673108	0.222789812
0.222789812	-7.276773885	1.687966059	0.327842749
0.327842749	-4.108377728	-1.741900334	-0.271890853
-0.271890853	-12.769011012	2.626320954	-0.628855783
-0.628855783	-7.026164542	-4.585249204	-0.522723673
-0.522723673	-5.671102388	1.938554114	-0.659829151
-0.659829151	-5.303779747	2.677889777	-0.725816197
-0.725816197	6.627435491	-3.652068820	0.053086683
0.053086683	4.128082259	-4.476870536	-0.102902464
-0.102902464	3.536476214	1.174610120	-0.547353022
-0.547353022	3.070197578	-0.459409439	0.097122422
0.097122422	2.531396146	1.562015477	-0.315886370
-0.315886370	0.474208109	-4.490876165	0.176605162
0.176605162	-9.140065108	-0.783421140	-0.970831893
-0.970831893	0.047698563	-0.268880471	-0.773508417
-0.773508417	-1.366026598	3.414221568	0.549929271
0.549929271	17.155584557	-2.605889559	0.509802656
0.509802656	1.620096382	1.139340024	-0.026768199
-0.026768199	-1.236911889	3.978507177	0.500976842
0.500976842	2.287536045	4.408279632	1.046379746
1.046379746	11.369491514	3.704248568	1.085882424
1.085882424	10.201056230	2.323748992	1.240744674
1.240744674	-0.515431167	3.146191813	2.074988406
2.074988406	4.504564582	3.424458100	1.742321128
1.742321128	6.729082290	-2.517092710	1.595492529
1.595492529	-3.890219598	-0.783340652	1.924940489
1.924940489	-6.830511580	-2.966191672	0.804275225
0.804275225	-20.792595096	-0.132492552	-0.116567322
-0.116567322	-23.663156274	1.248212942	-1.101597331
-1.101597331	-17.711445704	3.837555082	-1.317095396
-1.317095396	-4.490368766	-2.729988348	-1.676799329
-1.676799329	8.609488676	-3.685843395	-0.948457829
-0.948457829	-0.054810777	1.021836539	-0.867193942
-0.867193942	10.224495566	0.956250981	-0.078333176
-0.078333176	18.667222323	-4.408227928	-0.280307954
-0.280307954	9.638849137	0.346790572	0.180276831
0.180276831	7.638507316	-4.926810307	0.875970042
0.875970042	-4.918869203	0.883673329	0.345729346
0.345729346	-8.073662096	3.225781525	0.053570064
0.053570064	0.329752899	-3.770452284	0.056334949
0.056334949	-8.130335225	-3.732642909	-0.088618566
-0.088618566	-14.739446829	-2.998178836	-1.622448684
-1.622448684	-2.110130308	-1.966543283	-1.347442646
-1.347442646	-1.403441373	0.820299763	-1.247024473
-1.247024473	4.338781112	0.071194235	-1.260677485
-1.260677485	4.924095730	-2.358623558	-0.408959615
-0.408959615	8.462771344	-2.555520006	0.429476824
0.429476824	7.760333586	-4.280527798	0.020914829
0.020914829	-6.088682855	3.061631630	-0.145770967
-0.145770967	5.950337261	-0.183037170	0.219809127
0.219809127	5.601537928	-0.512627412	0.296614941
0.296614941	-9.218697235	1.971485288	0.647453071
0.647453071	7.945159863	2.608024563	0.088934027
0.088934027	1.731778823	-2.662313074	0.793906969
0.793906969	-2.419116327	-1.794353460	0.129275932
0.129275932	-12.041128875	2.600017523	-0.292993147
-0.292993147	-9.296145453	-3.849649879	-0.239101680
-0.239101680	-4.136900563	3.207464986	-0.726509334
-0.726509334	-1.020623124	-0.088900387	-0.596744234
-0.596744234	-2.201018515	-0.383979191	0.141849835
0.141849835	1.780208733	2.293976983	0.033783408
0.033783408	13.222781286	3.434941261	0.658618753
0.658618753	6.231123944	1.570654246	1.103452633
1.103452633	4.269275244	0.295466105	1.742447616
1.742447616	-1.934855972	3.709456092	1.745586519
1.745586519	-4.447061874	1.830743663	0.754544620
0.754544620	1.878325460	3.785878632	0.916662351
0.916662351	-3.323962642	1.671187887	1.066904836
1.066904836	2.233249031	1.353709615	1.458352709
1.458352709	-3.899036087	1.282395971	0.369511958
0.369511958	-9.081096861	-3.021672154	-0.162155071
-0.162155071	-2.002228923	4.919450119	-0.503178756
-0.503178756	-5.837466282	0.188042507	-1.007939646
-1.007939646	2.876869047	-1.296943062	0.421421764
0.421421764	10.385589810	-0.860801543	-0.291097101
-0.291097101	0.515752118	-3.507639677	-0.157643255
-0.157643255	-3.055708222	0.609487551	-0.471854420
-0.471854420	6.353575716	-0.800064480	0.026174168
0.026174168	-2.398769324	-4.777284885	-0.489336196
-0.489336196	1.817123561	1.857568992	-0.893274099
-0.893274099	5.134229931	-3.772278706	-0.554305263
-0.554305263	-5.453608487	0.834063146	-0.208865633
-0.208865633	8.769362258	-2.965661756	-0.376201311
-0.376201311	8.099198733	2.002894376	-0.333796022
-0.333796022	2.515085879	-0.041736029	-0.156073091
-0.156073091	4.641379934	4.247408135	0.736439733
0.736439733	8.199349617	-2.455618977	0.839406161
0.839406161	-0.316959250	-2.024252847	0.948182638
0.948182638	-1.157767218	-3.818073707	-0.086201623
-0.086201623	-9.933324622	0.905205476	-0.585213840
-0.585213840	-12.558761618	1.383553207	-0.714583189
-0.714583189	1.859983787	3.805385976	-0.373110627
-0.373110627	6.616298440	-2.461113791	-0.593994543
-0.593994543	1.512314082	-1.178993575	-0.236063312
-0.236063312	4.872873674	-4.206584170	0.310568918
0.310568918	-12.963907114	1.150157250	-0.132657157
-0.132657157	-4.153107840	1.783769723	-0.326848710
-0.326848710	8.178764655	-3.251034910	0.309326944
0.309326944	-3.741107756	4.825897893	0.085440149
0.085440149	10.107285830	2.802245797	0.518603925
0.518603925	10.458082912	-0.162730488	0.691710241
0.691710241	2.370322847	-3.997653569	0.907916719
0.907916719	-7.274862179	1.043068437	0.774205881
0.774205881	-5.656469277	-1.070270021	0.022862415
0.022862415	-8.369695604	-1.061159921	-0.541650404
-0.541650404	-7.691185799	-3.638868458	-0.435078656
-0.435078656	-5.917104531	-2.820310699	-0.956751690
-0.956751690	-5.320206082	0.988208906	-0.765110863
-0.765110863	8.882199374	2.005330726	-1.388806337
-1.388806337	6.230204734	-3.325581425	-1.055627751
-1.055627751	0.896036589	1.605983559	-0.659243044
-0.659243044	9.695362037	0.028243835	0.436969898
0.436969898	9.184939904	0.379877201	0.686846441
0.686846441	7.283159044	0.367683219	1.028513386
1.028513386	0.084921692	1.784824540	0.995224725
0.995224725	4.774257085	-1.419200860	1.112270433
1.112270433	-8.724147964	0.968885249	-0.058829592
-0.058829592	-6.862158530	2.396119625	-1.046788761
-1.046788761	-3.396531908	0.182815803	-0.677242143
-0.677242143	-0.977082362	2.679628783	0.021931883
0.021931883	6.334563731	3.009945558	-0.092413097
-0.092413097	11.983275816	-4.252685550	0.389123516
0.389123516	4.634946983	2.650051483	0.913975068
0.913975068	10.235773310	3.960434916	0.094305990
0.094305990	1.601925271	-4.294579553	0.196723382
0.196723382	-1.373771603	4.718200730	0.336439090
0.336439090	-0.990083769	1.851729969	0.276274456
0.276274456	6.454548515	-1.463522129	0.052311894
0.052311894	-10.587709691	2.256425455	0.439049467
0.439049467	-2.234435943	3.846818943	0.213824997
0.213824997	2.275321317	2.965585875	1.064608696
1.064608696	5.470908479	4.281090785	1.409817269
1.409817269	7.555608203	4.519351676	1.426436757
1.426436757	7.835883826	-1.272511979	1.894449802
1.894449802	3.897370381	1.052128951	0.326005735
0.326005735	-7.130481609	-1.657235950	0.725977700
0.725977700	-9.210793257	0.268518759	-0.041711544
-0.041711544	-5.662551338	4.332023382	0.541287397
0.541287397	-10.673629354	4.573949263	-1.042051571
-1.042051571	2.103580463	-4.424164944	-0.314951422
-0.314951422	-4.552538731	-4.443015873	-0.424624155
-0.424624155	-9.325403285	4.536770185	-0.222892566
-0.222892566	-0.489428115	0.030051951	0.251510032
0.251510032	6.556749871	2.580616581	-0.064278391
-0.064278391	8.332309192	3.905068324	0.538905468
0.538905468	17.608098715	-3.984185241	1.392963434
1.392963434	4.810464017	-2.153760310	0.293514084
0.293514084	-3.835948491	4.225044973	0.144574533
0.144574533	-7.759687373	1.319949505	0.228726779
0.228726779	-13.290102663	-3.400812114	-0.377495073
-0.377495073	-5.523030574	-3.346815095	-0.007982551
-0.007982551	-14.119212700	0.738028692	-1.244729361
-1.244729361	-4.236712635	1.296079567	-0.340375520
-0.340375520	-1.855973307	3.632264817	-0.750373864
-0.750373864	3.392382576	-2.471585179	-0.044998022
-0.044998022	5.058206163	-4.898275437	0.348559270
0.348559270	-1.862888639	-2.216718692	0.171915401
0.171915401	-5.127564002	-2.303452988	-0.194800588
-0.194800588	-6.359660605	2.025230340	-0.541626604
-0.541626604	-3.659454619	-1.466056530	-0.067453297
-0.067453297	7.762845815	4.370803848	0.129346094
0.129346094	13.447121936	-3.146194754	-0.276321164
-0.276321164	3.988964030	-2.164554864	0.022579821
0.022579821	-4.711729407	-3.147107606	-0.102812454
-0.102812454	1.527352722	4.473759180	-0.191842981
-0.191842981	7.053811478	1.449416725	0.083832032
0.083832032	8.164969765	-3.568102183	-0.636389689
-0.636389689	-1.633166024	-0.661601728	0.059760349
0.059760349	-7.806419752	-0.348660565	-0.657215767
-0.657215767	0.393781690	-1.085696370	-0.490764995
-0.490764995	0.044083010	4.898834533	-0.913238069
-0.913238069	1.157115080	-2.690114407	0.388560965
0.388560965	-0.935091066	4.351531155	0.597103617
0.597103617	5.457495801	4.477640661	0.856142902
0.856142902	3.617488556	-0.319504451	0.768306700
0.768306700	-0.311454228	-4.852179133	0.943626656
0.943626656	-10.992407307	1.744988442	0.150674199
0.150674199	-15.399347159	2.802023371	-0.306959731
-0.306959731	-9.596179462	-2.076862380	-0.733209145
-0.733209145	-3.691781599	3.699761803	-1.177139821
-1.177139821	2.235947513	-3.795991231	0.168990506
0.168990506	-4.870116060	4.071090552	-0.179673399
-0.179673399	9.918119397	-4.728411707	-0.052156014
-0.052156014	4.258277541	3.684881163	-0.073331701
-0.073331701	7.031190581	3.974982823	0.585988335
0.585988335	11.534269920	0.061311288	1.139306883
1.139306883	5.578303390	0.203136359	0.768571809
0.768571809	-6.683576352	3.248585624	1.176473342
1.176473342	-4.220638616	4.698705703	1.363485895
1.363485895	0.198420277	0.812353423	1.106457672
1.106457672	-6.299378130	-4.164657929	0.689640633
0.689640633	-9.275762223	2.651839567	-0.416147370
-0.416147370	-7.620472990	-3.921860992	-0.904126760
-0.904126760	-14.727868866	-0.902687389	-1.198489165
-1.198489165	-1.334472303	1.721444097	-0.427640139
-0.427640139	2.096602287	4.498463889	-0.723944387
-0.723944387	9.377729013	-0.937115723	-0.248899210
-0.248899210	14.538543604	-1.855827776	-0.180247835
-0.180247835	12.313288282	3.786609763	0.866355035
0.866355035	15.900778181	4.410132668	1.753323486
1.753323486	8.156592643	-3.162605881	0.906063064
0.906063064	-6.040405594	3.922739293	1.624587850
1.624587850	-2.240413721	4.814104658	1.577263495
1.577263495	-6.437862765	-3.307858153	0.961779821
0.961779821	-8.401655279	-1.883860865	0.685082932
0.685082932	-10.524356633	1.508312567	-0.141944818
-0.141944818	-14.656682065	1.604577276	-1.043652791
-1.043652791	0.240742803	4.666124926	-0.740364588
-0.740364588	7.674746886	-1.889869321	-0.946161041
-0.946161041	5.514199711	-2.635303487	0.041838970
0.041838970	2.026837662	2.918638756	-0.025433040
-0.025433040	9.873680945	4.007422151	-0.092989442
-0.092989442	7.408535044	0.534337062	1.130689782
1.130689782	9.509215487	3.542379729	1.353715217
1.353715217	8.327606025	-1.708539982	1.181664512
1.181664512	-4.138610996	0.942908536	1.937630193
1.937630193	3.653760865	-2.518885359	0.796341553
0.796341553	-16.281124100	-4.334291969	-0.390485831
-0.390485831	-19.202497619	1.254353783	-1.363036339
-1.363036339	-6.639258005	-1.288528155	-1.514993403
-1.514993403	-9.923328178	4.424988742	-1.607464885
-1.607464885	8.946213413	4.394188709	-0.596720704
-0.596720704	16.163774850	-2.882786652	-0.073228315
-0.073228315	17.166130863	1.316207453	0.765905354
0.765905354	18.472103833	-1.097352954	0.624362754
0.624362754	2.114639304	0.874200192	0.911980775
0.911980775	-5.011443584	-3.947374733	0.585117815
0.585117815	-15.705135123	2.783008901	1.165320500
1.165320500	-7.943982025	3.790664014	-0.028478588
-0.028478588	3.116572037	4.762382646	0.434285019
0.434285019	5.517158311	-1.887039175	0.153175578
0.153175578	6.072170537	3.599985916	0.924632634
0.924632634	3.790866564	-2.421070156	-0.313396539
-0.313396539	-0.223013066	4.854449149	0.180939909
0.180939909	-0.646175743	0.655542354	0.093749083
0.093749083	-1.805611263	-1.731693151	0.370176733
0.370176733	-10.168155573	2.996608375	0.355898184
0.355898184	5.600165182	2.769841920	0.327432198
0.327432198	7.544575513	0.153936931	0.855917405
0.855917405	7.853646075	-4.717573798	-0.166606447
-0.166606447	-5.796786539	-1.090812885	0.253123136
0.253123136	-11.552384292	-3.220276645	-0.454619465
-0.454619465	-0.823424067	-2.091938450	-0.847487851
-0.847487851	-8.838408551	0.353808917	-1.477768683
-1.477768683	-2.206614878	4.978842782	-0.471504653
-0.471504653	12.636563831	-4.584257661	-0.396582366
-0.396582366	10.958174076	2.345850141	0.851089102
0.851089102	18.158915612	-4.488890962	0.941786775
0.941786775	-0.894769734	0.519950272	0.452565288
0.452565288	1.641360978	1.021466271	0.968810445
0.968810445	-6.300078966	-1.993677115	-0.107793107
-0.107793107	-8.322937668	-4.581224297	0.386598928
0.386598928	-16.239853182	-1.046495262	-0.764566078
-0.764566078	-11.699674690	1.475529858	-1.364274549
-1.364274549	-7.722939831	-3.018007707	-1.148392928
-1.148392928	-1.442182670	2.131639732	-1.225853327
-1.225853327	14.224834348	2.189394881	-0.190335317
-0.190335317	12.158250429	3.476267092	0.348237635
0.348237635	24.462875848	-0.834332710	1.108512061
1.108512061	12.283539068	3.635929549	2.102369377
2.102369377	11.513033303	3.754038623	2.017074906
2.017074906	11.773904717	2.485203201	2.453008487
2.453008487	12.969460187	3.367520499	3.092227068
3.092227068	-0.875542198	3.498718814	3.396658794
3.396658794	17.474514106	0.360025748	4.346080837
4.346080837	10.033771837	-0.792868010	4.740574363
4.740574363	19.384007695	-1.663897712	4.879889303
4.879889303	15.507427378	4.003400045	6.168562289
6.168562289	28.064966817	-2.644780434	7.258178659
7.258178659	13.278542997	2.240848449	7.954459871
7.954459871	11.236365150	0.846916130	8.253059674
8.253059674	7.853690760	1.154770711	8.593599057
8.593599057	4.742970689	-2.487968167	8.642763362
8.642763362	-14.712077289	-4.964452395	7.696717021
7.696717021	-22.468381720	0.437874917	6.669161590
6.669161590	-23.031315454	4.138438752	5.254880441
5.254880441	-10.991406977	2.701321876	5.365241229
5.365241229	-7.858706766	-4.050439302	5.338610461
5.338610461	-2.430562502	1.494668080	5.416811067
5.416811067	8.648240234	1.575214077	5.629206707
5.629206707	9.945155693	1.196819921	6.378329375
6.378329375	9.590638373	3.747476199	7.363799533
7.363799533	11.722275986	0.657321466	8.017240135
8.017240135	9.565549052	3.455176755	7.931136901
7.931136901	12.158609462	-4.624161485	8.110791294
8.110791294	-4.418917568	-4.558452040	7.624619557
7.624619557	-15.534105664	-3.030519611	6.497026701
6.497026701	-24.637433849	-2.690100513	5.405174339
5.405174339	-24.642941937	2.668623763	4.348033001
4.348033001	-11.633595003	1.669425432	3.700700372
3.700700372	-0.276282106	1.585680416	4.513607920
4.513607920	-3.086093901	1.028653375	4.963042572
4.963042572	11.997024541	-0.337335258	4.923014182
4.923014182	17.378430596	2.259588458	5.426068137
5.426068137	24.137187716	4.460550298	6.868208926
6.868208926	19.694252047	4.695380121	8.779343930
8.779343930	17.460249296	-3.826230797	9.026599544
9.026599544	17.616301607	4.984135586	9.741700308
9.741700308	26.018103674	-3.114223965	10.706824974
10.706824974	16.786266414	0.952697807	11.662983996
11.662983996	18.149153218	0.738855269	12.387247251
12.387247251	13.414439375	-3.860342385	14.039541308
14.039541308	8.138913779	0.586764111	14.020673949
14.020673949	5.323472843	-4.246891274	14.048241171
14.048241171	5.407455872	-0.745965344	13.520820611
13.520820611	-14.218737704	3.699107733	12.511899189
12.511899189	-0.586836153	1.826980429	12.696175505
12.696175505	-3.378774756	-3.279226682	11.752223899
11.752223899	-13.696828107	3.001396844	12.128893741
12.128893741	0.540377959	-0.711993071	11.918286745
11.918286745	4.440753686	4.354201140	12.547606916
12.547606916	8.517242029	4.806990364	12.883134655
12.883134655	17.457211747	-0.364429090	13.414460700
13.414460700	12.808385079	-2.152537914	14.492527300
14.492527300	-3.538342369	1.813597549	14.340049940
14.340049940	-1.462728521	2.986203083	13.600968362
13.600968362	-4.252081775	-2.950778542	13.330806346
13.330806346	-13.464606459	0.417990728	13.075326355
13.075326355	-9.971365537	3.398407102	12.260142190
12.260142190	-0.159614218	3.778014186	12.218707610
12.218707610	-0.321141256	1.065443483	11.826722279
11.826722279	-1.831255002	1.812041841	12.798651897
12.798651897	6.368134658	-3.697578324	12.332317145
12.332317145	-4.242333543	-1.588531767	12.842493156
12.842493156	-8.910614334	4.642243248	13.434178469
13.434178469	10.674754948	0.230085317	12.772341755
12.772341755	3.778089306	-1.079341311	12.723419666
12.723419666	-7.220903437	-2.595156752	12.478514065
12.478514065	-6.016908053	3.641440948	12.540595234
12.540595234	-0.565650681	2.367109577	12.806481809
12.806481809	-3.176179969	-3.158724438	12.678391915
12.678391915	4.128675036	4.467282696	12.431131248
12.431131248	2.715714895	1.085654370	13.667689470
13.667689470	-1.290247661	0.329225590	13.030379577
13.030379577	8.653740697	0.098983781	13.042360188
13.042360188	-3.779863442	3.028664864	12.719906239
12.719906239	-1.549144081	-4.329105397	13.176040387
13.176040387	-12.062496994	0.987889179	12.653098359
12.653098359	-0.937359860	4.581887417	12.292790647
12.292790647	2.117196820	4.828807859	12.663403142
12.663403142	7.428345274	1.792129502	12.983399443
12.983399443	12.301689987	-3.946153273	13.559018961
13.559018961	-1.317721112	1.407827045	13.256396554
13.256396554	-4.494089202	-2.678999782	13.117973709
13.117973709	-10.319658304	-4.704712551	12.554515238
12.554515238	-12.486026943	-0.738692196	11.168290159
11.168290159	-14.274325826	-4.274844720	10.993694591
10.993694591	-5.208993028	-2.515757537	10.591162918
10.591162918	-12.585336836	3.539724149	10.717144095
10.717144095	-1.336979418	-3.135073117	11.021413014
11.021413014	1.475655457	0.394908909	10.499140729
10.499140729	7.453523352	-3.254988124	11.153439584
11.153439584	4.173356733	3.514389069	12.468672706
12.468672706	15.763804985	-4.672428003	12.422039252
12.422039252	8.019000059	-0.864082822	13.186358270
13.186358270	3.131713388	-0.755625338	13.390960836
13.390960836	-3.138473328	-3.972434361	12.739405185
12.739405185	-11.998307526	-0.757076257	12.438128284
12.438128284	-12.399443645	1.724207726	11.695009127
11.695009127	-3.034738264	-0.308655602	12.546452379
12.546452379	-1.086407902	-2.739047976	11.521190263
11.521190263	-2.300896995	0.006195729	12.407614077
12.407614077	-0.095729986	-0.281809373	12.327213193
12.327213193	9.316883903	-2.165375676	12.032281520
12.032281520	2.707840648	-2.212415913	12.983584262
12.983584262	9.578325448	1.027867622	12.348843516
12.348843516	4.049303476	1.811114705	12.399478089
12.399478089	2.067792702	2.811954007	12.777522732
12.777522732	9.428184701	3.811683184	13.596956812
13.596956812	4.971922679	-2.222872675	13.409047826
13.409047826	-1.379387969	2.333660945	13.314793849
13.314793849	-6.499938443	3.035946264	13.485292807
13.485292807	-6.319522061	1.489822226	13.487998256
13.487998256	0.241305771	-0.486381388	13.141169038
13.141169038	-3.807952367	2.071876098	12.750794496
12.750794496	0.255927568	4.076446461	12.587318767
12.587318767	-0.695938402	-4.125272378	12.562525297
12.562525297	-2.320732784	-0.764899469	12.392235309
12.392235309	-2.743166233	-0.037638610	11.742172750
11.742172750	-4.084398809	-0.716676020	11.914541605
11.914541605	0.289310555	-1.797933457	12.095384076
12.095384076	-2.429175413	1.114994767	11.819252793
11.819252793	-7.745757124	1.532580520	12.698070117
12.698070117	-0.482434009	-0.564961581	12.686193560
12.686193560	6.865401957	-4.373801980	12.333817363
12.333817363	-4.256257855	-3.971816325	12.655635748
12.655635748	-13.188412495	1.211491897	12.018851057
12.018851057	-1.948244727	1.246236072	12.006877385
12.006877385	-7.485427782	-2.964396223	11.959826073
11.959826073	-5.466728350	-4.813189940	11.881753537
11.881753537	-1.591183167	1.383433300	12.749838459
12.749838459	2.977173118	-1.070400974	12.306450450
12.306450450	5.195992837	-0.211765988	12.257000440
12.257000440	-1.457103127	-1.375346827	12.142245598
12.142245598	3.498896263	-1.064165857	12.676046815
12.676046815	-5.036972262	-2.255258872	12.495200688
12.495200688	-1.929524736	0.550867665	12.471682083
12.471682083	-0.416044284	2.327698533	13.301562043
13.301562043	6.055376300	-2.610900451	12.579058306
12.579058306	2.078598289	-2.827802496	12.684718729
12.684718729	-5.941195211	2.165880468	13.057606843
13.057606843	-0.625727471	2.541750255	12.233610054
12.233610054	4.540128970	0.279654842	13.194722582
13.194722582	0.686834593	-0.327614337	12.943810458
12.943810458	3.965110934	2.311376032	12.470912415
12.470912415	1.434536473	-4.702170559	13.071185912
13.071185912	-0.956161055	-4.951279520	12.452905716
12.452905716	-13.061200557	0.469683093	11.715473272
11.715473272	-7.563479142	-1.978184996	11.230563528
11.230563528	-8.725816842	3.092165837	11.286883444
11.286883444	-2.174285584	2.429212504	11.797946628
11.797946628	13.833215400	-3.436430713	12.520210759
12.520210759	6.316803384	3.802199772	12.705388268
12.705388268	12.285211531	2.533800731	13.456171539
13.456171539	6.412473500	-2.072734379	13.558965643
13.558965643	4.879455001	-1.810139935	14.089960075
14.089960075	-2.476418869	0.039830094	13.573687752
13.573687752	-8.872310556	-0.422947123	12.724369509
12.724369509	-10.225634691	-1.962415658	11.422847000
11.422847000	-15.915515252	-1.946864686	11.816708700
11.816708700	-7.981614979	2.967454756	11.419861335
11.419861335	1.331422691	-3.671925154	11.344867231
11.344867231	4.465971677	2.538690716	11.665092712
11.665092712	15.575269787	1.545375346	12.381663170
12.381663170	17.592137602	2.271011884	12.828120098
12.828120098	13.164376571	4.020760015	13.923266738
13.923266738	17.646428118	3.295737185	14.169321920
14.169321920	19.901693028	3.251753306	15.573354018
15.573354018	14.304488927	-4.653659987	15.602983875
15.602983875	2.527798748	1.417491808	16.346560962
16.346560962	8.314543755	0.094085814	16.494242575
16.494242575	16.775678812	1.631488915	17.075895699
17.075895699	18.895567405	2.425224524	18.563558861
18.563558861	20.396237216	0.426164119	19.295062814
19.295062814	19.555255387	-3.919325148	19.837652523
19.837652523	10.527514220	3.540597949	20.607988329
20.607988329	0.132135787	1.235518010	20.777317041
20.777317041	0.972852646	2.448338730	21.194711076
21.194711076	-4.748355336	-1.227604325	20.040987995
20.040987995	3.966015518	0.498899205	20.291215084
20.291215084	-16.586022487	0.984272224	20.412040056
20.412040056	-19.023814567	1.968783264	19.171882795
19.171882795	-6.425779565	2.664921447	18.904032782
18.904032782	-4.462188220	2.023157548	18.545761800
18.545761800	0.612011945	-2.309576127	18.335848033
18.335848033	-0.194809106	2.713625072	17.837243801
17.837243801	5.524820190	1.982817993	19.035760431
19.035760431	4.810937584	-2.206796644	18.748794605
18.748794605	3.442333815	-2.142835046	19.193821492
19.193821492	7.466288960	0.575878152	19.031731647
19.031731647	0.302095919	-1.525860672	19.149855350
19.149855350	-8.656232215	0.768293032	18.895730543
18.895730543	-7.762915084	-0.125286984	18.051701032
18.051701032	-1.726979989	-4.670912834	18.618305742
18.618305742	-10.082992700	-4.759732654	18.009432045
18.009432045	-15.980054018	-2.490384623	16.990988954
16.990988954	-3.356462853	-2.294480062	17.228491647
17.228491647	-5.230898958	1.115736081	17.762024202
17.762024202	2.477663688	-0.474413736	17.827310891
17.827310891	2.806623832	1.147818911	18.551154181
18.551154181	8.648856791	0.057633490	18.139253206
18.139253206	9.449708039	1.060352982	19.614244454
19.614244454	15.111537638	-4.404713929	19.530306833
19.530306833	0.947928182	-0.944426159	19.436237424
19.436237424	-1.727765408	0.192975855	18.943519697
18.943519697	-10.991300143	4.382617685	19.461966587
19.461966587	-5.380888421	0.889087033	18.572489367
18.572489367	-2.258719829	0.864294215	18.459850681
18.459850681	-4.037341196	2.613352160	18.400980032
18.400980032	-3.049112618	1.894948632	19.019895899
19.019895899	3.359578530	-2.124740600	18.717101285
18.717101285	-2.399102445	3.071905755	18.895040098
18.895040098	3.066037385	1.382781333	18.925290804
18.925290804	-3.678076672	1.455644083	19.295330920
19.295330920	-0.691061973	2.454983307	18.688940685
18.688940685	8.557831760	3.874550781	19.090735029
19.090735029	2.405746927	-4.573703182	19.223906695
19.223906695	-8.915574011	1.532511423	19.289811955
19.289811955	-6.868465342	0.208483406	18.839220566
18.839220566	-8.777060691	3.696140851	18.524728765
18.524728765	3.661600162	-2.650977792	19.402746997
19.402746997	-2.761676073	4.379376643	18.954084990
18.954084990	6.787077836	-0.877210720	18.814297063
18.814297063	5.933522621	-1.107250546	19.690959492
19.690959492	7.039609532	-4.118648361	18.947041015
18.947041015	-5.151934830	2.084507915	18.813023539
18.813023539	-2.068710357	-1.050129399	18.329803739
18.329803739	-4.702264156	-3.444714161	18.349355874
18.349355874	-13.201600985	-1.358297013	17.789351662
17.789351662	-3.254501170	1.599697190	17.961867447
17.961867447	2.656941341	-0.491073435	17.974819697
17.974819697	7.194455579	-3.196939392	18.420982427
18.420982427	-0.548306542	0.958669456	19.596717131
19.596717131	1.860837320	-2.136228685	18.937335196
18.937335196	-1.815638960	0.521388076	19.640447803
19.640447803	1.370093168	-1.493828107	18.883693123
18.883693123	-0.484290556	1.527312009	18.499159424
18.499159424	-2.037910030	1.052507855	18.838319097
18.838319097	-0.181634812	-0.395660065	19.407172931
19.407172931	-1.109762108	-2.718583657	18.765682533
18.765682533	-1.860820923	-2.732106793	18.280528031
18.280528031	-3.230305541	-4.343780010	18.310848390
18.310848390	-6.489507317	2.522566048	17.993349456
17.993349456	5.025140836	-3.311998099	17.703331023
17.703331023	0.324774405	-3.492603409	18.007223672
18.007223672	-10.036960173	-1.558806630	18.063810821
18.063810821	7.905747551	-3.392358577	18.474271342
18.474271342	-2.395526894	4.295503765	17.955658301
17.955658301	11.917612267	-3.540710819	18.844977638
18.844977638	9.984790900	3.824861729	19.532050250
19.532050250	4.103708591	-3.115462131	19.427687037
19.427687037	1.857437625	-4.452358739	19.170993895
19.170993895	-10.411612243	4.707420095	18.837976246
18.837976246	-7.407677354	-3.948929309	18.589602860
18.589602860	-2.161130516	0.133003495	18.812380325
18.812380325	-11.582505662	2.899477964	17.731707392
17.731707392	6.448884415	0.750701670	18.218348682
18.218348682	4.501482982	-4.849805782	18.368146016
18.368146016	-5.482225597	-0.979060939	18.423049431
18.423049431	11.825874546	-3.812695949	18.842531349
18.842531349	-8.940800310	-2.925934352	18.054852451
18.054852451	-7.575247775	-4.627597444	18.315376398
18.315376398	-5.100746834	-0.379158070	17.665938183
17.665938183	2.647170851	-1.476105575	17.478636543
17.478636543	-1.004212197	3.384029064	17.851876494
17.851876494	11.316771844	2.378073776	19.382579323
19.382579323	16.668941956	-3.079687340	19.122566584
19.122566584	8.908226033	0.271601757	19.568422547
19.568422547	2.767936210	-4.980363546	19.120731740
19.120731740	-8.086786231	-2.160491137	19.459416505
19.459416505	-13.549033854	2.884791334	18.472828231
18.472828231	-11.107541342	0.937538584	18.485292584
18.485292584	2.368480962	-3.681283093	18.035921611
18.035921611	-2.200575048	-3.206499834	18.067374081
18.067374081	-1.222815530	-3.747180538	18.106174622
18.106174622	1.644149661	1.152216915	18.192430309
18.192430309	3.387770450	0.623944560	18.470569769
18.470569769	11.142197997	1.544693512	18.776034987
18.776034987	10.731576934	-1.969193241	19.324884043
19.324884043	0.722875388	-1.776333249	19.763705965
19.763705965	0.555287127	-0.132610642	19.406752139
19.406752139	2.551029598	-3.110374068	19.255521997
19.255521997	-13.263999067	3.426677226	18.813256120
18.813256120	4.837938523	-2.329596901	18.692822431
18.692822431	-5.915493809	-3.777860899	18.845394644
18.845394644	-10.521635018	-3.057100179	18.042478235
18.042478235	-6.695591089	1.390528593	17.407901978
17.407901978	-1.501514419	1.288415686	17.794990267
17.794990267	10.123597942	0.869622072	18.063807244
18.063807244	18.247509298	3.519546448	19.848159719
19.848159719	17.929192922	-1.168241496	19.839869640
19.839869640	9.772279764	2.900955211	20.082547949
20.082547949	4.523108836	-1.724061012	19.471027230
19.471027230	-5.820099117	-2.850235192	20.460311336
20.460311336	-19.575648714	-3.194239473	19.386202617
19.386202617	-13.829356132	-3.161044009	17.708479368
17.708479368	-19.112005108	-2.485415478	17.034619030
17.034619030	-17.988189107	1.822206405	16.432999653
16.432999653	-4.861035614	0.992558739	16.517016118
16.517016118	-4.622971998	2.261725883	16.350689307
16.350689307	6.136394714	4.371740887	17.141124569
17.141124569	12.954334646	2.366472048	18.195180321
18.195180321	26.015112616	-0.520540215	19.577108450
19.577108450	18.462336735	4.408492094	20.331920067
20.331920067	26.384633350	-2.720805882	21.227107095
21.227107095	8.656724872	1.031795542	21.479017567
21.479017567	6.194458063	-1.605126057	21.828917394
21.828917394	-2.813816770	0.454390893	22.422889020
22.422889020	-1.609584671	-0.146625460	21.921912499
21.921912499	-0.566818400	-4.646380805	22.331596962
22.331596962	-9.472192942	-4.472161439	20.665878069
20.665878069	-25.414082227	4.292731821	19.856075262
19.856075262	-12.408718970	-2.546988559	18.901808210
18.901808210	-18.922373652	-3.152518477	17.640586028
17.640586028	-28.092971635	0.337610914	17.280376254
17.280376254	-9.424257252	2.058098012	16.801922591
16.801922591	-1.130373185	2.647261968	16.338611270
16.338611270	6.090883089	-4.599822143	16.827260910
16.827260910	-2.285696602	3.669883296	17.417397803
17.417397803	9.605271281	4.363084599	17.647218946
17.647218946	26.094603854	-3.069999624	19.004636724
19.004636724	12.641305658	3.593733283	19.443221927
19.443221927	27.366928661	-0.849101124	20.604165691
20.604165691	9.546544268	2.645309404	20.904297075
20.904297075	1.762090894	-4.021579217	21.155417435
21.155417435	-8.101927634	2.823380634	20.731853699
20.731853699	-4.691782622	-2.757971607	20.295248928
20.295248928	-11.493762787	-1.122948682	19.702115206
19.702115206	-12.210593272	-4.649263807	18.262491141
18.262491141	-32.806546174	3.027325502	17.726167070
17.726167070	-20.204822013	-3.096632053	16.542589723
16.542589723	-20.633932952	2.581806234	17.003166973
17.003166973	-8.519045362	2.334477001	17.137693259
17.137693259	2.792640296	-1.732987421	17.194309346
17.194309346	13.831081477	-4.133275273	17.441177740
17.441177740	9.442963759	-3.662216923	17.398961458
17.398961458	15.443548305	-3.281702404	17.698198994
17.698198994	6.585258748	-4.647687293	17.763885871
17.763885871	2.874048790	-2.142170666	18.146353864
18.146353864	5.921371202	-1.922077217	18.638455586
18.638455586	4.203376551	-3.350277321	17.836214392
17.836214392	-4.353479401	3.587151157	18.984317560
18.984317560	13.029940507	-4.816373635	18.380815230
18.380815230	-5.482100848	0.954661690	18.544666298
18.544666298	-0.063323423	0.769603709	18.442828520
18.442828520	3.051020515	-3.290126511	18.896904866
18.896904866	1.475099024	0.098739726	18.979502587
18.979502587	-0.338716538	2.561698884	19.173308304
19.173308304	6.283273195	-0.372618197	19.362105503
19.362105503	-5.250331902	-4.497090640	18.920585887
18.920585887	1.041054300	0.731322047	18.173199994
18.173199994	-1.737781979	-1.152839321	18.433685737
18.433685737	3.812653122	-4.751541396	18.028380855
18.028380855	-1.588140987	3.687788696	18.356777642
18.356777642	0.546475180	3.109969194	19.351607606
19.351607606	12.528898920	-0.010325255	19.193170303
19.193170303	7.056845459	0.939361434	19.685535583
19.685535583	5.704263611	-4.744599151	19.758183389
19.758183389	-1.244832867	-1.232431131	19.460293939
19.460293939	-10.820118251	-2.971010994	19.124607930
19.124607930	-12.427128786	1.317444085	18.293881859
18.293881859	-6.989117741	-1.410888582	18.052295425
18.052295425	4.029054729	-0.476237522	17.457447333
17.457447333	1.567726775	-0.207285847	17.608248217
17.608248217	11.033514819	-2.550491449	18.354112657
18.354112657	4.851314447	-2.272317633	18.298998497
18.298998497	-4.423959241	-1.820641089	19.022673345
19.022673345	-3.554552240	0.343998369	18.766754304
18.766754304	6.231405631	-3.914412944	18.634709401
18.634709401	-6.518236630	1.947459923	18.648706340
18.648706340	10.437972425	-0.854371203	18.457774221
18.457774221	0.564860760	-1.088482395	19.071596426
19.071596426	0.553795944	3.519762581	19.042991481
19.042991481	-0.441410830	-0.678929087	19.212609917
19.212609917	13.771130939	-2.160565622	18.964105682
18.964105682	-13.475197559	-3.099504964	18.430426014
18.430426014	-2.652821554	-0.684377547	17.759987847
17.759987847	-10.034340513	2.095892157	18.249142125
18.249142125	1.136573210	4.063350696	19.040345239
19.040345239	7.893489575	4.632415649	19.242887552
19.242887552	13.336746686	-4.141506989	19.801703101
19.801703101	1.264726424	-4.783145955	19.639046940
19.639046940	-5.592784979	0.713211501	18.913899953
18.913899953	-15.601161184	1.123223387	18.563355894
18.563355894	-3.707870583	-4.260811121	18.026928200
18.026928200	-16.973378493	1.951520647	18.012740456
18.012740456	-0.365367789	-1.944893387	17.783407252
17.783407252	1.475108903	0.296573206	18.126336436
18.126336436	11.099721693	-2.351633448	18.390585703
18.390585703	3.426892718	1.389478204	19.277533055
19.277533055	13.167731937	3.767770399	19.058365428
19.058365428	9.172494623	0.736438576	19.559065166
19.559065166	8.227979971	-1.331406814	19.668508111
19.668508111	-3.387693352	1.106325169	19.713709667
19.713709667	-2.910565170	-3.878495168	19.953486583
19.953486583	-8.682606049	-0.101922153	19.252312633
19.252312633	-17.523130756	-0.634372283	18.141444086
18.141444086	-2.896951539	0.411208861	17.450902235
17.450902235	-5.616157215	3.361762231	17.857068306
17.857068306	8.210267417	-3.315230284	17.705840564
17.705840564	7.458964023	-4.641208510	18.348412200
18.348412200	3.187716622	4.607973060	18.923668329
18.923668329	13.164475337	-2.279069857	18.678045766
18.678045766	9.556675509	1.668079951	19.517622702
19.517622702	11.002037539	2.783262187	19.831461951
19.831461951	3.713632485	-3.434275754	19.066599079
19.066599079	-1.486362737	2.069494480	19.041784969
19.041784969	-0.483189485	-0.084428152	19.784171476
19.784171476	-9.391229109	-1.843458682	19.142491251
19.142491251	-12.198905142	4.385506543	19.077158478
19.077158478	-0.926928632	3.624863997	18.302045812
18.302045812	13.162618072	-1.363155921	19.716580596
19.716580596	3.166733399	-2.442489730	19.475062124
19.475062124	-6.633359720	4.354270123	19.251383570
19.251383570	2.294871331	0.742833544	18.976268329
