3
1000
0.185537128	-1.516906595	-0.829779953	-2.129165291
-0.158958853	-2.129165291	-4.076614052	-6.602366568
-0.184798415	-6.602366568	-1.032325258	-3.267485528
-0.630037962	-3.267485528	1.852195004	1.106375832
-0.436892975	1.106375832	-4.726124068	-4.889925198
-0.907131572	-4.889925198	0.586898284	1.636782041
-0.279040801	1.636782041	3.007445687	12.618239926
-0.027103938	12.618239926	1.923226157	10.427129639
0.050826043	10.427129639	-4.149557886	0.790740513
0.321061066	0.790740513	3.781425034	4.265409402
0.668156340	4.265409402	4.578895302	7.420363901
1.009930745	7.420363901	-1.844843690	0.942490294
1.092278572	0.942490294	-4.817117227	-12.481551761
0.433402949	-12.481551761	2.481656544	-8.580861098
-0.092292688	-8.580861098	-3.967739934	-15.011978258
-0.699345264	-15.011978258	-2.063858516	-12.592542852
-1.064646012	-12.592542852	-4.806330421	-12.815622470
-1.703477417	-12.815622470	-2.344533406	-6.279346967
-2.424885266	-6.279346967	0.741176055	-0.957393595
-2.467941084	-0.957393595	1.997583600	3.940822004
-2.120214996	3.940822004	1.944001577	15.601857744
-1.454654486	15.601857744	0.358964059	22.172918574
-0.543774704	22.172918574	4.445947560	26.300684299
0.246160207	26.300684299	-3.625252959	14.043517591
1.255798019	14.043517591	-1.023231630	3.816896303
1.955759737	3.816896303	-1.522341403	-4.011847416
1.823070343	-4.011847416	3.833060912	-1.650837917
1.405459076	-1.650837917	-1.511016580	-15.564128530
1.089790551	-15.564128530	-0.719088101	-15.092700360
0.321904574	-15.092700360	4.494892587	-4.248763788
-0.430149954	-4.248763788	-0.918631972	-5.134472334
-0.921469097	-5.134472334	0.736794867	3.044674995
-0.730476377	3.044674995	-1.733550982	1.937856954
-0.435825391	1.937856954	-1.427302400	3.671244080
-0.304290770	3.671244080	-4.841787572	-4.695745672
-0.748553457	-4.695745672	4.973228505	6.965396467
-0.319187067	6.965396467	4.325954630	16.055853922
0.285985173	16.055853922	2.554630526	11.506121301
0.838651052	11.506121301	2.115247586	9.387078030
1.330221815	9.387078030	-4.737890131	-3.219277624
1.723224100	-3.219277624	3.600279487	-4.554486272
1.390765137	-4.554486272	3.420308924	-3.834254297
1.519964602	-3.834254297	0.857592715	-9.922099893
1.121064531	-9.922099893	-4.813527106	-15.108187516
0.295506735	-15.108187516	3.071051956	-13.181906555
-0.380590160	-13.181906555	2.471216427	-7.590476470
-1.086153801	-7.590476470	-4.400823105	-4.024895909
-1.102338513	-4.024895909	-3.925058709	-6.515690545
-1.308211007	-6.515690545	0.597169821	1.719861307
-1.198395745	1.719861307	4.672763300	10.985866781
-0.721472113	10.985866781	-2.476742554	14.464458758
-0.041063442	14.464458758	0.813589273	12.226306599
0.444038126	12.226306599	-2.601522409	-1.488451078
0.545234415	-1.488451078	3.289808996	3.019468986
0.862922467	3.019468986	-4.299778563	-7.239217506
0.606834897	-7.239217506	0.688514371	-9.225763810
0.173557069	-9.225763810	0.797452192	-8.031205184
-0.116701245	-8.031205184	2.453344309	-0.415811369
-0.439927363	-0.415811369	-4.336651656	-6.617238162
-0.458224937	-6.617238162	-2.898259901	-7.791006673
-0.674366031	-7.791006673	-2.396849014	0.069305569
-0.928717219	0.069305569	1.394608809	5.797152808
-1.175234493	5.797152808	-2.367032295	7.710247968
-0.563042703	7.710247968	2.721780295	11.814509383
-0.452881347	11.814509383	-4.860484270	3.081182117
0.433668755	3.081182117	4.490163207	7.521883996
0.461014163	7.521883996	4.156063498	10.432582476
0.823809080	10.432582476	-0.140093329	3.009137153
1.331061874	3.009137153	4.261814267	2.819507070
1.218138171	2.819507070	4.632625284	1.478752223
1.555286894	1.478752223	-3.649208420	-10.449907144
1.594020852	-10.449907144	4.479702112	-9.329558757
1.050038145	-9.329558757	-3.238037444	-12.308614303
0.555423111	-12.308614303	3.094906921	-9.406993813
0.111175326	-9.406993813	0.820141799	-6.032819130
-0.452517183	-6.032819130	4.053923187	3.234866991
-0.558866389	3.234866991	2.986035912	9.832092754
-0.602118715	9.832092754	0.991103076	8.664492161
0.541287162	8.664492161	-0.663236510	3.232058284
0.706838046	3.232058284	3.928887085	4.752265093
0.941674955	4.752265093	2.879292338	6.695735905
1.234924549	6.695735905	-0.798063200	-3.837366176
1.485648553	-3.837366176	-4.995979751	-13.911179116
0.722277397	-13.911179116	4.737835384	-10.303390588
0.133742340	-10.303390588	0.747115047	-5.096742359
-0.235225212	-5.096742359	0.868333407	-1.043697183
-0.318773378	-1.043697183	2.550821885	4.706395149
-0.302430382	4.706395149	-1.773190032	2.611398860
-0.184430715	2.611398860	-1.178972480	1.322841663
0.014025056	1.322841663	-1.826160540	-2.513004411
0.063857003	-2.513004411	4.738020779	6.548586599
0.034472838	6.548586599	-0.732989907	3.853091115
0.577909988	3.853091115	3.799982886	7.966519722
0.436312310	7.966519722	-2.297917380	-1.616781636
0.714667133	-1.616781636	0.277146463	-3.755583887
0.476235733	-3.755583887	2.331425253	-3.439368423
0.277813130	-3.439368423	0.688579907	-4.103225006
0.109054567	-4.103225006	-4.317906516	-5.806926582
-0.218877342	-5.806926582	4.828171137	1.168877356
-0.191492003	1.168877356	3.749616450	6.607494510
-0.107659058	6.607494510	-3.390285632	0.563262794
0.206795412	0.563262794	-2.749600422	-4.614673334
0.266999737	-4.614673334	4.163055535	2.744172381
-0.085111209	2.744172381	-3.891086993	-5.605386082
-0.113056573	-5.605386082	2.285856680	1.206064866
-0.077932009	1.206064866	3.516718749	5.553680263
-0.210014627	5.553680263	-2.663338608	0.558020099
0.114667469	0.558020099	-0.228590130	-6.382617291
0.247155435	-6.382617291	0.440101188	-1.223522216
0.041803171	-1.223522216	2.515278171	0.963933616
-0.071782411	0.963933616	2.852960282	4.738563804
0.420324446	4.738563804	3.729223764	8.944208112
0.768246061	8.944208112	4.498059914	10.540316939
1.090453198	10.540316939	-4.012565982	-6.522354573
1.309475033	-6.522354573	1.102408126	-7.494088295
0.968027745	-7.494088295	2.702387346	-6.781006261
0.657615160	-6.781006261	-2.429307012	-10.078091633
0.133556738	-10.078091633	2.965886780	-6.595481576
-0.418376559	-6.595481576	4.904717836	10.263268759
-0.210047896	10.263268759	4.013084363	8.217828485
0.176465863	8.217828485	1.366044000	6.615638752
0.413113303	6.615638752	-1.442948290	0.300481753
0.729054808	0.300481753	2.456371927	1.057528439
1.029915835	1.057528439	3.623462528	0.730322221
0.917869460	0.730322221	-3.113631990	-9.851513985
0.622047167	-9.851513985	4.897517077	-3.747888095
0.619766773	-3.747888095	-2.378269162	-10.548027555
0.112698726	-10.548027555	-4.430705616	-15.021417559
-0.538914132	-15.021417559	2.986042448	-4.161037846
-0.760181021	-4.161037846	0.934324495	3.170424395
-0.856924125	3.170424395	2.498583107	7.160635593
-0.418884203	7.160635593	4.594343211	18.482077527
0.167675512	18.482077527	2.093872512	12.836533337
0.872137869	12.836533337	-2.785672657	4.090897153
1.217175359	4.090897153	-0.713811713	-1.473250500
1.577132382	-1.473250500	3.029632374	-5.068296202
1.409557442	-5.068296202	-1.575458802	-14.415923112
0.889792271	-14.415923112	3.240098704	-11.776229766
0.071670241	-11.776229766	-4.216131001	-20.107132319
-0.407328434	-20.107132319	-0.414161863	-8.222797937
-0.933977606	-8.222797937	2.548614814	-0.394577235
-1.183082612	-0.394577235	-0.475951733	3.499681360
-0.721960459	3.499681360	-0.259960734	8.646794387
-0.999277121	8.646794387	4.046861603	12.454400233
-0.048425999	12.454400233	-3.743586189	11.333670293
0.292538021	11.333670293	0.386272826	2.551527285
1.003990058	2.551527285	2.959669419	3.911200282
0.691382923	3.911200282	-3.422699301	-5.410316028
1.164283782	-5.410316028	4.058094960	-4.465767870
1.027618376	-4.465767870	2.318004091	-6.074296936
0.212059366	-6.074296936	-2.501493198	-8.938577350
-0.135537792	-8.938577350	3.126105880	5.070880549
-0.172526505	5.070880549	3.190891786	5.227776860
-0.160919210	5.227776860	0.336533450	3.523676304
0.137107270	3.523676304	-1.334433561	1.056136476
0.051651283	1.056136476	4.388864774	4.694386521
0.213490989	4.694386521	3.910189543	7.411951834
0.919649812	7.411951834	-1.740101882	0.283982720
0.768850540	0.283982720	1.902278682	-1.317909366
0.365665781	-1.317909366	-2.099031483	-5.440695450
0.512290192	-5.440695450	-1.885557859	-11.839294141
-0.225094079	-11.839294141	-0.735252115	-7.886845235
-0.317602303	-7.886845235	4.318611166	-0.608068347
-0.818619458	-0.608068347	4.202065143	8.069703863
-0.469034714	8.069703863	-2.726902637	7.994613274
-0.035128131	7.994613274	1.070941620	3.817709012
0.437253221	3.817709012	-3.148696017	-3.894279823
0.424544926	-3.894279823	0.742190888	-2.908329491
0.411997896	-2.908329491	-2.711863290	-7.208232350
-0.085260532	-7.208232350	0.190159841	-5.801594595
-0.129262867	-5.801594595	4.967534252	4.590218085
-0.063876955	4.590218085	4.759890683	10.285003177
-0.053399613	10.285003177	-4.675736747	4.804479559
0.353284496	4.804479559	-0.482668513	-0.633058505
0.599635640	-0.633058505	-3.320167068	-7.631965587
0.213470695	-7.631965587	3.242378396	-3.380005079
-0.601097517	-3.380005079	-0.231176665	-1.272266829
-0.080525042	-1.272266829	-0.079281985	-1.255375091
-0.359849984	-1.255375091	-0.425950839	2.457247618
-0.402401389	2.457247618	2.582782605	5.145104708
-0.136671766	5.145104708	-2.797657738	-1.277342644
0.054997400	-1.277342644	2.548914571	4.622349150
0.162514671	4.622349150	-1.874986215	-5.810825195
0.039252439	-5.810825195	2.701499563	-4.349477068
0.351884223	-4.349477068	0.190823222	-0.194769534
0.375444852	-0.194769534	1.724698447	-0.618903675
0.382091122	-0.618903675	4.147886867	5.693326043
0.614454294	5.693326043	3.593178061	5.060111147
0.744288935	5.060111147	1.736984239	2.974848598
1.057117833	2.974848598	0.605299905	-0.029088869
0.925235660	-0.029088869	3.558283673	-1.001498124
1.085264073	-1.001498124	-2.103972538	-10.797597308
0.739362329	-10.797597308	3.076984091	-5.302124248
0.219879911	-5.302124248	2.672845084	-4.634764553
0.099853970	-4.634764553	2.444731531	-0.515966737
-0.045151184	-0.515966737	-3.010520766	-3.199684044
-0.298631731	-3.199684044	-4.733721153	-12.132277354
-0.479443544	-12.132277354	2.997765369	-0.081684367
-0.408366510	-0.081684367	-2.923743382	0.395718011
-0.816827186	0.395718011	0.538846111	3.667339310
-0.577317835	3.667339310	-0.646940424	9.044595501
-0.620368614	9.044595501	-0.219686920	5.562137162
-0.432882790	5.562137162	-3.401663497	1.749197431
-0.151400132	1.749197431	-0.957980942	1.779891969
0.043264972	1.779891969	-3.112549331	-1.827275939
-0.095206550	-1.827275939	-2.892676079	-7.086815990
-0.375266053	-7.086815990	1.382187106	-1.261945909
-0.539303470	-1.261945909	2.316064712	8.917001323
-0.783303291	8.917001323	2.821818168	10.527807325
-0.057551208	10.527807325	-3.077499832	3.303094481
0.679700444	3.303094481	-4.198963562	-6.121477424
0.347053624	-6.121477424	0.306974385	-4.860549589
-0.201143946	-4.860549589	-2.935459411	-12.235907932
-0.349957973	-12.235907932	-2.384504482	-4.238983270
-0.926528346	-4.238983270	2.875518397	-3.578346680
-0.800903222	-3.578346680	-3.228388356	0.598064295
-0.959477298	0.598064295	2.871162897	8.743560085
-0.697744418	8.743560085	2.400775432	14.912695761
0.162698730	14.912695761	-2.833827917	0.772831273
0.822524301	0.772831273	-3.234509657	-3.286725973
0.569418522	-3.286725973	3.602369974	6.517213834
0.616943954	6.517213834	2.587469310	3.194787663
0.637671783	3.194787663	-2.219149514	-2.658561798
0.450520080	-2.658561798	0.166887829	-3.807196328
0.223766262	-3.807196328	-1.251240565	-6.298778351
-0.214703436	-6.298778351	1.132112115	0.717997082
-0.301982911	0.717997082	-4.968871422	-7.937964439
-0.732185564	-7.937964439	-2.606842926	-5.139338491
-0.828282686	-5.139338491	-1.979032687	-3.852960845
-1.229934911	-3.852960845	-2.132883504	0.135504813
-1.214429648	0.135504813	1.138710897	6.745355237
-0.811962915	6.745355237	-0.558828930	8.412718962
-0.491743542	8.412718962	-1.543011788	9.207441984
-0.172713510	9.207441984	-0.327541761	7.862519301
0.252598573	7.862519301	3.773604747	7.221063243
0.790624007	7.221063243	-0.430342994	3.464828958
1.045772125	3.464828958	-0.670184930	-3.589113446
0.897918530	-3.589113446	2.667745872	-2.729128216
0.465174622	-2.729128216	3.428998402	-2.362777939
0.601313296	-2.362777939	4.427625754	3.340394047
0.389608675	3.340394047	3.479393924	4.005820611
1.077644229	4.005820611	0.402609404	2.198668832
0.525178929	2.198668832	3.379779620	4.295356080
0.694406227	4.295356080	-4.222854297	-7.848039809
0.592051982	-7.848039809	-4.910608976	-15.234810420
-0.362554264	-15.234810420	-0.601691858	-9.784826556
-1.223077725	-9.784826556	-0.221379956	-3.946656745
-1.461400277	-3.946656745	3.959699670	5.486134550
-1.425603387	5.486134550	-0.814219742	14.889472228
-1.304681778	14.889472228	0.057420175	11.802903677
-0.685513802	11.802903677	-2.057843118	9.655564701
0.159688090	9.655564701	-4.859077058	0.242120404
0.565196830	0.242120404	0.070799233	-0.694737535
0.254630816	-0.694737535	2.778484769	-2.706194184
0.198132522	-2.706194184	-3.202057023	-5.685557658
-0.029358843	-5.685557658	-0.913627750	-3.224602977
-0.174518457	-3.224602977	4.752223424	4.565392395
-0.239758947	4.565392395	1.363061259	7.433382359
-0.092174929	7.433382359	1.195867394	5.020705908
0.204390576	5.020705908	-0.670614913	3.484743095
0.372949798	3.484743095	1.973688756	1.144835906
0.551809385	1.144835906	-2.047112056	-8.072123087
0.693173666	-8.072123087	3.553564126	-1.080833276
0.492941045	-1.080833276	0.853484589	0.415550724
0.149633608	0.415550724	4.218683055	1.669715275
0.282173579	1.669715275	1.824537098	2.499951444
0.682996663	2.499951444	-0.832760376	-2.633230283
0.310763106	-2.633230283	2.797442955	1.158537887
0.603838605	1.158537887	-3.554022792	-6.689146722
0.296496755	-6.689146722	1.884973179	-5.523543866
-0.032082019	-5.523543866	-2.727024591	-7.123759069
-0.469140858	-7.123759069	-1.446920884	-5.451940360
-0.612482949	-5.451940360	2.073166027	1.912692646
-1.009044119	1.912692646	-3.300592858	0.137601931
-1.027140082	0.137601931	3.753327264	6.898832861
-0.451281482	6.898832861	-0.710676660	10.808922152
-0.161612060	10.808922152	-1.575593589	4.212903790
0.297038377	4.212903790	3.003322458	4.594256961
0.579835979	4.594256961	-3.545343897	-2.945516052
0.722765205	-2.945516052	3.596509536	5.225755957
0.473165353	5.225755957	-3.752486999	-7.724269964
0.235389940	-7.724269964	4.482991741	-1.833435559
-0.052401878	-1.833435559	0.656621125	1.783486989
0.080427378	1.783486989	0.992697557	-0.954814369
0.162105721	-0.954814369	0.793605403	-1.125963060
-0.013294779	-1.125963060	4.913465087	8.785330025
0.269239993	8.785330025	-0.772473384	-0.374146211
0.516094039	-0.374146211	-4.520074360	-7.982114555
0.546279208	-7.982114555	2.035193311	-6.036500648
0.394920032	-6.036500648	-3.118057400	-9.377663809
-0.226530667	-9.377663809	2.953011674	-2.101797442
-0.488678036	-2.101797442	-4.715091505	-5.542928119
-0.744697658	-5.542928119	-2.707949727	-5.266365755
-0.709394439	-5.266365755	-0.302109599	3.824648223
-0.954817620	3.824648223	2.744101333	12.016308304
-0.844964674	12.016308304	-1.450471489	14.575671533
-0.346576635	14.575671533	-4.564657362	1.769422980
-0.308124137	1.769422980	0.167063598	3.955919693
0.206569877	3.955919693	1.309592003	3.237776210
0.261890776	3.237776210	-0.481637506	-2.098942245
0.231941562	-2.098942245	-0.051569158	-0.715723104
0.016268351	-0.715723104	-1.306000744	-0.741762298
0.023195776	-0.741762298	-0.229870056	-4.357237336
-0.135649641	-4.357237336	0.276187723	-5.904631972
-0.301258338	-5.904631972	-4.279879648	-2.935436606
-0.410260356	-2.935436606	-2.088460594	-4.760511094
-0.624662918	-4.760511094	-3.906170858	-6.055336788
-1.231148663	-6.055336788	-3.563930021	-3.648924213
-1.303124433	-3.648924213	2.969622520	2.958960665
-1.355750088	2.958960665	-2.097020029	7.634418876
-0.974762088	7.634418876	-1.013409401	5.860613505
-0.637272041	5.860613505	-4.290815995	1.877339700
-0.103152434	1.877339700	-3.862036436	-0.192141197
-0.170395917	-0.192141197	-1.789736858	-0.258168525
-0.080516714	-0.258168525	3.344865140	4.137117255
-0.556702107	4.137117255	-4.602712933	-1.766696341
-0.052098020	-1.766696341	-1.508325870	-2.111662162
-0.181299139	-2.111662162	0.396491101	-0.354558069
-0.429799755	-0.354558069	3.770343893	6.070129675
-0.099550915	6.070129675	-1.716386099	3.050592569
-0.203911347	3.050592569	1.714291711	3.695150708
0.308918507	3.695150708	3.701917462	4.002559185
0.682967525	4.002559185	0.715420927	3.865650113
1.160440383	3.865650113	3.741259356	1.553587070
1.021372857	1.553587070	-2.161981651	-6.969811263
1.217350038	-6.969811263	0.546673108	-7.836074388
0.385642013	-7.836074388	1.687966059	-5.519043210
0.242034185	-5.519043210	-1.741900334	-10.633229148
-0.256179164	-10.633229148	2.626320954	-4.145646322
-0.558355416	-4.145646322	-4.585249204	-5.168559505
-0.581781959	-5.168559505	1.938554114	-1.375127350
-0.674385937	-1.375127350	2.677889777	7.984042354
-0.553985071	7.984042354	-3.652068820	4.034241866
0.004830295	4.034241866	-4.476870536	0.204472239
-0.065628529	0.204472239	1.174610120	1.357981140
-0.332014766	1.357981140	-0.459409439	1.242548241
-0.014858807	1.242548241	1.562015477	1.603743804
-0.185835458	1.603743804	-4.490876165	-6.536537940
0.042189429	-6.536537940	-0.783421140	-1.680324091
-0.625635608	-1.680324091	-0.268880471	-1.296234458
-0.585962358	-1.296234458	3.414221568	11.566285250
0.138533347	11.566285250	-2.605889559	1.922581985
0.223009951	1.922581985	1.139340024	1.125236414
0.028309931	1.125236414	3.978507177	4.983213481
0.436256727	4.983213481	4.408279632	10.725096720
0.936351310	10.725096720	3.704248568	9.745676762
1.201150585	9.745676762	2.323748992	2.623784640
1.466372069	2.623784640	3.146191813	4.220207356
2.003620321	4.220207356	3.424458100	4.913177347
1.924052233	4.913177347	-2.517092710	-5.002828767
1.810245166	-5.002828767	-0.783340652	-9.589910818
1.744415451	-9.589910818	-2.966191672	-20.859879950
0.762176169	-20.859879950	-0.132492552	-21.905950819
-0.224810672	-21.905950819	1.248212942	-14.941284431
-1.127501304	-14.941284431	3.837555082	-1.891518943
-1.376537151	-1.891518943	-2.729988348	5.439802134
-1.518711884	5.439802134	-3.685843395	1.037121409
-1.099194801	1.037121409	1.021836539	9.472593322
-0.920141398	9.472593322	0.956250981	15.865813507
-0.247021398	15.865813507	-4.408227928	7.779185468
-0.105778830	7.779185468	0.346790572	6.045585622
0.257315209	6.045585622	-4.926810307	-5.170544619
0.589300838	-5.170544619	0.883673329	-6.248280504
0.198030087	-6.248280504	3.225781525	0.707499435
0.010680611	0.707499435	-3.770452284	-6.152225788
-0.029107391	-6.152225788	-3.732642909	-11.212931807
-0.254392480	-11.212931807	-2.998178836	-4.964725598
-1.219395302	-4.964725598	-1.966543283	-3.124827024
-1.241984045	-3.124827024	0.820299763	3.396617722
-1.219090630	3.396617722	0.071194235	6.186608289
-1.099608477	6.186608289	-2.358623558	7.793612752
-0.488075209	7.793612752	-2.555520006	6.281107100
0.083464641	6.281107100	-4.280527798	-3.589020168
-0.074833127	-3.589020168	3.061631630	5.134148965
-0.115192414	5.134148965	-0.183037170	4.466214270
0.165606782	4.466214270	-0.512627412	-4.117218115
0.258934668	-4.117218115	1.971485288	5.024344536
0.474178380	5.024344536	2.608024563	2.590479109
0.266338485	2.590479109	-2.662313074	-2.978567674
0.614817716	-2.978567674	-1.794353460	-9.785533403
0.139811873	-9.785533403	2.600017523	-6.013563267
-0.202125879	-6.013563267	-3.849649879	-5.445063642
-0.297637909	-5.445063642	3.207464986	0.240540319
-0.606483025	0.240540319	-0.088900387	0.661881300
-0.476832422	0.661881300	-0.383979191	2.877680574
-0.011248153	2.877680574	2.293976983	10.139451607
0.076935938	10.139451607	3.434941261	7.852277529
0.601711918	7.852277529	1.570654246	5.456318276
1.028966995	5.456318276	0.295466105	-0.474865391
1.443980634	-0.474865391	3.709456092	-1.875703784
1.466724568	-1.875703784	1.830743663	-0.100612872
0.952203569	-0.100612872	3.785878632	-2.346891313
0.989763125	-2.346891313	1.671187887	-0.691858391
1.001227642	-0.691858391	1.353709615	-4.686368004
1.080891928	-4.686368004	1.282395971	-7.554347963
0.389312395	-7.554347963	-3.021672154	-6.530590119
-0.096719716	-6.530590119	4.919450119	-3.475971492
-0.421496361	-3.475971492	0.188042507	2.072536688
-0.669921692	2.072536688	-1.296943062	5.585700819
0.071004181	5.585700819	-0.860801543	0.630867999
-0.265614209	0.630867999	-3.507639677	-2.970325875
-0.227522249	-2.970325875	0.609487551	3.422007791
-0.414157822	3.422007791	-0.800064480	-0.686163414
-0.145594668	-0.686163414	-4.777284885	-1.120955782
-0.443700748	-1.120955782	1.857568992	3.438392705
-0.672687916	3.438392705	-3.772278706	-3.466316064
-0.501972734	-3.466316064	0.834063146	5.630184897
-0.314006126	5.630184897	-2.965661756	3.980047109
-0.368559379	3.980047109	2.002894376	3.557853628
-0.288739866	3.557853628	-0.041736029	4.649529183
-0.081030051	4.649529183	4.247408135	8.834839681
0.547463025	8.834839681	-2.455618977	0.677115357
0.739971695	0.677115357	-2.024252847	-3.007886351
0.751896469	-3.007886351	-3.818073707	-11.012428693
0.016085925	-11.012428693	0.905205476	-10.524252913
-0.496828810	-10.524252913	1.383553207	-0.166091423
-0.696873390	-0.166091423	3.805385976	6.902045362
-0.460040240	6.902045362	-2.461113791	3.195683385
-0.416322687	3.195683385	-1.178993575	4.047027177
-0.133706772	4.047027177	-4.206584170	-8.127953298
0.135911284	-8.127953298	1.150157250	-2.304813890
-0.133273588	-2.304813890	1.783769723	5.476333194
-0.199500013	5.476333194	-3.251034910	-2.926611044
0.124606402	-2.926611044	4.825897893	7.829802322
0.059842387	7.829802322	2.802245797	9.164684460
0.449109076	9.164684460	-0.162730488	2.985399522
0.681557479	2.985399522	-3.997653569	-6.858823442
0.749927129	-6.858823442	1.043068437	-6.110631422
0.516459382	-6.110631422	-1.070270021	-8.105597166
-0.044389322	-8.105597166	-1.061159921	-7.210706559
-0.513270156	-7.210706559	-3.638868458	-6.798354923
-0.644087793	-6.798354923	-2.820310699	-5.594126579
-1.076250784	-5.594126579	0.988208906	5.407253577
-1.027054537	5.407253577	2.005330726	8.160178846
-1.185461558	8.160178846	-3.325581425	4.463418027
-0.788305494	4.463418027	1.605983559	10.448992258
-0.342865614	10.448992258	0.028243835	8.904844014
0.459071356	8.904844014	0.379877201	5.894404991
0.750836027	5.894404991	0.367683219	-0.058873596
0.974966947	-0.058873596	1.784824540	1.384025784
0.929905514	1.384025784	-1.419200860	-8.308495605
0.861132952	-8.308495605	0.968885249	-7.378316153
0.073360742	-7.378316153	2.396119625	-3.507071168
-0.567579826	-3.507071168	0.182815803	-1.391816876
-0.452070682	-1.391816876	2.679628783	5.002851737
-0.075973116	5.002851737	3.009945558	9.940550499
0.016194926	9.940550499	-4.252685550	1.886271629
0.345011693	1.886271629	2.650051483	5.802044914
0.615880779	5.802044914	3.960434916	3.162371652
0.284738489	3.162371652	-4.294579553	-3.206602378
0.328492028	-3.206602378	4.718200730	-0.273302695
0.341036060	-0.273302695	1.851729969	3.643366969
0.327378373	3.643366969	-1.463522129	-6.986817170
0.181354599	-6.986817170	2.256425455	-1.584975802
0.319761879	-1.584975802	3.846818943	2.859722474
0.240679014	2.859722474	2.965585875	5.328794461
0.777005968	5.328794461	4.281090785	7.451171549
1.110057741	7.451171549	4.519351676	8.025011150
1.315814481	8.025011150	-1.272511979	1.717976587
1.645224444	1.717976587	1.052128951	-5.816103954
0.797830019	-5.816103954	-1.657235950	-10.455572878
0.791385961	-10.455572878	0.268518759	-9.392232347
0.089887522	-9.392232347	4.332023382	-7.822928909
0.150694134	-7.822928909	4.573949263	3.088041878
-0.649236321	3.088041878	-4.424164944	-3.145690034
-0.258398380	-3.145690034	-4.443015873	-7.827853513
-0.417597068	-7.827853513	4.536770185	1.689298471
-0.344760293	1.689298471	0.030051951	5.994398259
0.011944993	5.994398259	2.580616581	8.639728159
0.039321462	8.639728159	3.905068324	14.558359554
0.603429429	14.558359554	-3.984185241	2.294195592
1.171316061	2.294195592	-2.153760310	-5.841839807
0.517504702	-5.841839807	4.225044973	-5.809455481
0.294176803	-5.809455481	1.319949505	-8.331025513
0.243661030	-8.331025513	-3.400812114	-7.114975793
-0.215524708	-7.114975793	-3.346815095	-12.557836207
-0.283828136	-12.557836207	0.738028692	-4.353295408
-1.097990299	-4.353295408	1.296079567	0.559354193
-0.661852201	0.559354193	3.632264817	7.873841616
-0.669890166	7.873841616	-2.471585179	7.077970858
-0.042801162	7.077970858	-4.898275437	-0.914709615
0.269436846	-0.914709615	-2.216718692	-4.582720629
0.128433717	-4.582720629	-2.303452988	-6.512145037
-0.192830773	-6.512145037	2.025230340	-2.311273348
-0.462950542	-2.311273348	-1.466056530	3.641930753
-0.244244727	3.641930753	4.370803848	10.747325624
-0.046685050	10.747325624	-3.146194754	3.376187049
-0.111758439	3.376187049	-2.164554864	-2.998662443
0.054348614	-2.998662443	-3.147107606	-2.114388899
-0.099619864	-2.114388899	4.473759180	4.788008110
-0.182507837	4.788008110	1.449416725	6.474265595
0.049554868	6.474265595	-3.568102183	-1.614340987
-0.271882091	-1.614340987	-0.661601728	-5.146543918
0.023610899	-5.146543918	-0.348660565	-0.865265633
-0.394002382	-0.865265633	-1.085696370	-1.090781156
-0.366618779	-1.090781156	4.898834533	3.812753589
-0.521236391	3.812753589	-2.690114407	0.364858226
0.233150757	0.364858226	4.351531155	6.145741932
0.447489120	6.145741932	4.477640661	6.742805162
0.791280419	6.742805162	-0.319504451	1.601556362
0.916173253	1.601556362	-4.852179133	-10.118437087
0.927274652	-10.118437087	1.744988442	-12.359749681
0.293868881	-12.359749681	2.802023371	-7.520186723
-0.123592485	-7.520186723	-2.076862380	-5.486797113
-0.500427477	-5.486797113	3.699761803	1.782346743
-0.796509910	1.782346743	-3.795991231	-3.448329526
-0.134553120	-3.448329526	4.071090552	8.211445421
-0.249369583	8.211445421	-4.728411707	2.080517532
-0.105193953	2.080517532	3.684881163	6.466185281
-0.039618193	6.466185281	3.974982823	10.788546369
0.495423741	10.788546369	0.061311288	5.556857002
0.970216961	5.556857002	0.203136359	-3.132945265
0.859543528	-3.132945265	3.248585624	-2.061285975
1.069979571	-2.061285975	4.698705703	1.052715233
1.189264548	1.052715233	0.812353423	-4.229574248
1.055270262	-4.229574248	-4.164657929	-10.910526748
0.657779067	-10.910526748	2.651839567	-8.402507430
-0.172965390	-8.402507430	-3.921860992	-13.799896708
-0.700626379	-13.799896708	-0.902687389	-4.992415279
-1.121120614	-4.992415279	1.721444097	1.275801081
-0.836977938	1.275801081	4.498463889	10.884264155
-0.820393239	10.884264155	-0.937115723	13.766455922
-0.258419759	13.766455922	-1.855827776	10.492677345
0.053181647	10.492677345	3.786609763	13.144248705
0.820585809	13.144248705	4.410132668	9.448279730
1.531762071	9.448279730	-3.162605881	-3.583603283
1.225929804	-3.583603283	3.922739293	-1.588009565
1.559413059	-1.588009565	4.814104658	-3.018779516
1.530783301	-3.018779516	-3.307858153	-9.378134023
1.095484408	-9.378134023	-1.883860865	-13.628086586
0.611753834	-13.628086586	1.508312567	-14.113465016
-0.189927569	-14.113465016	1.604577276	-3.254600700
-0.899402028	-3.254600700	4.666124926	6.486507125
-0.762420721	6.486507125	-1.889869321	5.457647428
-0.728688283	5.457647428	-2.635303487	2.538537446
-0.126868826	2.538537446	2.918638756	8.926887674
-0.017992382	8.926887674	4.007422151	9.568300163
0.201753903	9.568300163	0.534337062	8.344322064
1.053695813	8.344322064	3.542379729	7.249768210
1.333727705	7.249768210	-1.708539982	-3.519903914
1.285599433	-3.519903914	0.942908536	-1.564423146
1.540869062	-1.564423146	-2.518885359	-15.360863241
0.699032548	-15.360863241	-4.334291969	-19.846363075
-0.343610414	-19.846363075	1.254353783	-9.615440391
-1.249976979	-9.615440391	-1.288528155	-8.621113008
-1.574962246	-8.621113008	4.424988742	7.465101378
-1.633881487	7.465101378	4.394188709	16.942508658
-0.828571275	16.942508658	-2.882786652	16.117953992
-0.148713829	16.117953992	1.316207453	16.520034541
0.650993261	16.520034541	-1.097352954	4.546488315
0.852952137	4.546488315	0.874200192	-1.597319571
1.106771134	-1.597319571	-3.947374733	-12.751521228
0.839994382	-12.751521228	2.783008901	-8.489472073
0.890700310	-8.489472073	3.790664014	-0.831308893
0.117713745	-0.831308893	4.762382646	3.575657485
0.311512813	3.575657485	-1.887039175	1.806810251
0.158060275	1.806810251	3.599985916	3.026697844
0.543713545	3.026697844	-2.421070156	-1.406385146
-0.081966458	-1.406385146	4.854449149	1.691017827
0.186471892	1.691017827	0.655542354	0.469120371
0.229479323	0.469120371	-1.731693151	-6.292975187
0.369346413	-6.292975187	2.996608375	3.056638307
0.338871077	3.056638307	2.769841920	4.936697156
0.361414773	4.936697156	0.153936931	3.750488773
0.649936363	3.750488773	-4.717573798	-7.539281005
0.013450094	-7.539281005	-1.090812885	-10.572886509
-0.019035507	-10.572886509	-3.220276645	-5.552647235
-0.627178125	-5.552647235	-2.091938450	-8.000118512
-1.044057885	-8.000118512	0.353808917	-1.067637824
-1.446488135	-1.067637824	4.978842782	12.876716961
-0.774779486	12.876716961	-4.584257661	10.000162769
-0.455894922	10.000162769	2.345850141	15.583694453
0.451532130	15.583694453	-4.488890962	1.118444580
0.701947009	1.118444580	0.519950272	1.031906120
0.502285324	1.031906120	1.021466271	-3.704508976
0.750320966	-3.704508976	-1.993677115	-7.379865585
0.114371807	-7.379865585	-4.581224297	-14.716109314
0.108320861	-14.716109314	-1.046495262	-11.155080422
-0.771357263	-11.155080422	1.475529858	-4.995296225
-1.233061115	-4.995296225	-3.018007707	-1.160433288
-1.164619232	-1.160433288	2.131639732	10.943086946
-1.115457138	10.943086946	2.189394881	13.144605633
-0.318690817	13.144605633	3.476267092	21.316689016
0.365886311	21.316689016	-0.834332710	11.611102277
1.115413899	11.611102277	3.635929549	10.439633590
1.867111974	10.439633590	3.754038623	10.004313106
2.042672739	10.004313106	2.485203201	9.682412130
2.440209727	9.682412130	3.367520499	3.345105142
2.930727405	3.345105142	3.498718814	14.247711798
3.310062124	14.247711798	0.360025748	11.282558061
4.072471727	11.282558061	-0.792868010	17.190320283
4.609455589	17.190320283	-1.663897712	16.145815042
5.078375506	16.145815042	4.003400045	26.002312037
6.244859920	26.002312037	-2.644780434	13.900749425
7.279407738	13.900749425	2.240848449	10.927108008
7.942931696	10.927108008	0.846916130	6.433006339
8.285146263	6.433006339	1.154770711	2.851324095
8.528316713	2.851324095	-2.487968167	-11.252845947
8.466525925	-11.252845947	-4.964452395	-21.349038415
7.641919407	-21.349038415	0.437874917	-22.322106642
6.595076532	-22.322106642	4.138438752	-11.458323113
5.459702309	-11.458323113	2.701321876	-4.999084909
5.337735627	-4.999084909	-4.050439302	-2.534420769
5.263785880	-2.534420769	1.494668080	6.900162877
5.337685014	6.900162877	1.575214077	10.624874257
5.654486233	10.624874257	1.196819921	11.594426277
6.348771348	11.594426277	3.747476199	13.614481767
7.214595675	13.614481767	0.657321466	9.567640031
7.857296790	9.567640031	3.455176755	9.948836291
8.029901246	9.948836291	-4.624161485	-4.998935531
8.142570241	-4.998935531	-4.558452040	-16.600756706
7.607070773	-16.600756706	-3.030519611	-24.600775041
6.504306271	-24.600775041	-2.690100513	-24.342989096
5.336344262	-24.342989096	2.668623763	-11.769417099
4.359808082	-11.769417099	1.669425432	-1.671771265
3.853117200	-1.671771265	1.585680416	0.494691102
4.274716245	0.494691102	1.028653375	11.126691987
4.677448112	11.126691987	-0.337335258	15.981689161
4.968607307	15.981689161	2.259588458	22.488701307
5.671988042	22.488701307	4.460550298	22.023322708
6.973095407	22.023322708	4.695380121	20.474296519
8.529100822	20.474296519	-3.826230797	14.761346046
9.084404231	14.761346046	4.984135586	22.285952120
9.814344779	22.285952120	-3.114223965	16.728942337
10.729949266	16.728942337	0.952697807	20.123505835
11.696575967	20.123505835	0.738855269	17.977638147
12.630869890	17.977638147	-3.860342385	9.285729906
13.874774777	9.285729906	0.586764111	4.823608018
14.049743607	4.823608018	-4.246891274	-1.504984670
14.008375876	-1.504984670	-0.745965344	-14.108521707
13.460253375	-14.108521707	3.699107733	-5.239890620
12.651003720	-5.239890620	1.826980429	-4.725275547
12.538935972	-4.725275547	-3.279226682	-10.915158915
11.884518928	-10.915158915	3.001396844	0.794433864
11.984684165	0.794433864	-0.711993071	3.942723924
11.937187873	3.942723924	4.354201140	10.281522168
12.451877016	10.281522168	4.806990364	17.297733144
12.995052640	17.297733144	-0.364429090	11.493193359
13.606428258	11.493193359	-2.152537914	-1.798669936
14.270149950	-1.798669936	1.813597549	-2.280131379
14.153757183	-2.280131379	2.986203083	-4.100931091
13.695371535	-4.100931091	-2.950778542	-13.230410419
13.343835299	-13.230410419	0.417990728	-11.780446507
12.875670190	-11.780446507	3.398407102	-3.098079836
12.217693693	-3.098079836	3.778014186	1.294563525
12.160199520	1.294563525	1.065443483	2.163423646
12.081061418	2.163423646	1.812041841	7.398458943
12.754722216	7.398458943	-3.697578324	-2.023382519
12.630573972	-2.023382519	-1.588531767	-6.441711971
12.835932975	-6.441711971	4.642243248	6.382527294
13.110326630	6.382527294	0.230085317	2.127894348
12.812037245	2.127894348	-1.079341311	-4.912210310
12.759216957	-4.912210310	-2.595156752	-6.406467624
12.515299189	-6.406467624	3.641440948	-0.172996230
12.463796270	-0.172996230	2.367109577	0.589420245
12.656260615	0.589420245	-3.158724438	1.572057241
12.633939360	1.572057241	4.467282696	4.006703171
12.567394225	4.006703171	1.085654370	1.677976387
13.313088436	1.677976387	0.329225590	5.174742248
13.075037612	5.174742248	0.098983781	-2.641250909
13.081361940	-2.641250909	3.028664864	-0.621207149
12.905700248	-0.621207149	-4.329105397	-10.366984942
13.024422148	-10.366984942	0.987889179	-3.867873676
12.564747349	-3.867873676	4.581887417	2.052839392
12.325080557	2.052839392	4.828807859	8.412746761
12.657979730	8.412746761	1.792129502	10.715798492
13.055420862	10.715798492	-3.946153273	-1.490985984
13.435918994	-1.490985984	1.407827045	-3.759949177
13.224502781	-3.759949177	-2.678999782	-9.860604735
12.995008111	-9.860604735	-4.704712551	-13.983080395
12.392739320	-13.983080395	-0.738692196	-12.750093629
11.359750230	-12.750093629	-4.274844720	-7.965632154
10.996219523	-7.965632154	-2.515757537	-10.063285351
10.568611919	-10.063285351	3.539724149	1.150275949
10.586953955	1.150275949	-3.135073117	2.650830689
10.831371020	2.650830689	0.394908909	8.601471536
10.740158220	8.601471536	-3.254988124	6.891814405
11.310730516	6.891814405	3.514389069	16.874597356
12.321503814	16.874597356	-4.672428003	8.610403546
12.645419535	8.610403546	-0.864082822	3.580645050
13.195918514	3.580645050	-0.755625338	-2.243247240
13.329885887	-2.243247240	-3.972434361	-11.155937150
12.853314683	-11.155937150	-0.757076257	-11.742540117
12.427900872	-11.742540117	1.724207726	-4.053778497
11.850448826	-4.053778497	-0.308655602	-1.137549870
12.196969004	-1.137549870	-2.739047976	-1.588673417
11.658073591	-1.588673417	0.006195729	1.535543710
12.131746825	1.535543710	-0.281809373	7.497124739
12.205034951	7.497124739	-2.165375676	3.248427924
12.178529185	3.248427924	-2.212415913	5.250935721
12.714104468	5.250935721	1.027867622	3.353864902
12.443054792	3.353864902	1.811114705	3.324369134
12.561683787	3.324369134	2.811954007	7.938270030
12.892497990	7.938270030	3.811683184	6.438285005
13.485825804	6.438285005	-2.222872675	-1.262405188
13.475506679	-1.262405188	2.333660945	-4.338244248
13.385998432	-4.338244248	3.035946264	-4.004408548
13.422152808	-4.004408548	1.489822226	-1.444398096
13.361783812	-1.444398096	-0.486381388	-5.180458563
13.063894972	-5.180458563	2.071876098	-2.000044361
12.730525961	-2.000044361	4.076446461	0.521465238
12.619167297	0.521465238	-4.125272378	-3.617313054
12.563702655	-3.617313054	-0.764899469	-3.697529923
12.355824835	-3.697529923	-0.037638610	-3.064626972
11.945452565	-3.064626972	-0.716676020	0.106334698
12.004852361	0.106334698	-1.797933457	-1.193418727
12.095362471	-1.193418727	1.114994767	-1.858618983
12.010203982	-1.858618983	1.532580520	3.332116645
12.593584583	3.332116645	-0.564961581	5.894123298
12.742150749	5.894123298	-4.373801980	-4.017992910
12.577412040	-4.017992910	-3.971816325	-11.500728120
12.562671536	-11.500728120	1.211491897	-3.520484060
12.054066414	-3.520484060	1.246236072	-3.441846448
11.992257702	-3.441846448	-2.964396223	-2.998552718
11.967907767	-2.998552718	-4.813189940	-2.755078100
11.871401044	-2.755078100	1.383433300	2.805376300
12.291830787	2.805376300	-1.070400974	4.709288506
12.157984011	4.709288506	-0.211765988	2.191625119
12.262442794	2.191625119	-1.375346827	3.759567260
12.331258956	3.759567260	-1.064165857	-1.706229068
12.670166135	-1.706229068	-2.255258872	-2.203104746
12.566482291	-2.203104746	0.550867665	-0.864900390
12.506283529	-0.864900390	2.327698533	4.230275345
12.937483542	4.230275345	-2.610900451	0.071171017
12.579879758	0.071171017	-2.827802496	-5.666130323
12.537974593	-5.666130323	2.165880468	-0.262360463
12.658137221	-0.262360463	2.541750255	4.886758012
12.315561015	4.886758012	0.279654842	2.931893390
12.929755514	2.931893390	-0.327614337	3.356653749
12.905518804	3.356653749	2.311376032	2.481054534
12.749637551	2.481054534	-4.702170559	-3.725798496
13.008314671	-3.725798496	-4.951279520	-13.533022904
12.434632610	-13.533022904	0.469683093	-8.366987285
11.770199342	-8.366987285	-1.978184996	-7.484481511
11.332618566	-7.484481511	3.092165837	1.209716623
11.343502144	1.209716623	2.429212504	13.213052074
11.818647558	13.213052074	-3.436430713	7.475044919
12.450764710	7.475044919	3.802199772	12.601207718
12.820783492	12.601207718	2.533800731	9.005261659
13.508680310	9.005261659	-2.072734379	3.262093254
13.725384028	3.262093254	-1.810139935	-4.654204148
13.923455226	-4.654204148	0.039830094	-9.900203174
13.439214859	-9.900203174	-0.422947123	-11.570081922
12.708909007	-11.570081922	-1.962415658	-14.598187346
11.722057983	-14.598187346	-1.946864686	-9.153709999
11.619310020	-9.153709999	2.967454756	1.181354328
11.306487387	1.181354328	-3.671925154	2.774159559
11.295575888	2.774159559	2.538690716	12.896181615
11.600028666	12.896181615	1.545375346	16.474017754
12.285381152	16.474017754	2.271011884	15.085501818
12.924223610	15.085501818	4.020760015	17.229680686
13.901539321	17.229680686	3.295737185	17.086617224
14.411281303	17.086617224	3.251753306	14.094139618
15.458365946	14.094139618	-4.653659987	3.707866759
15.700267398	3.707866759	1.417491808	8.044233943
16.226927904	8.044233943	0.094085814	13.627775880
16.524678648	13.627775880	1.631488915	18.076265514
17.160045884	18.076265514	2.425224524	22.365776503
18.431308314	22.365776503	0.426164119	20.923278203
19.394688931	20.923278203	-3.919325148	9.768571061
20.059639250	9.768571061	3.540597949	3.742478540
20.648656008	3.742478540	1.235518010	1.906112560
20.858585222	1.906112560	2.448338730	-1.882815972
21.114048687	-1.882815972	-1.227604325	-0.922484362
20.475943725	-0.922484362	0.498899205	-13.320718234
20.403475756	-13.320718234	0.984272224	-16.178483877
20.169450881	-16.178483877	1.968783264	-9.702514188
19.214079583	-9.702514188	2.664921447	-6.376266624
18.808095218	-6.376266624	2.023157548	-0.955292771
18.491412225	-0.955292771	-2.309576127	-1.479759990
18.318733651	-1.479759990	2.713625072	5.099690728
18.096810827	5.099690728	1.982817993	6.901333569
18.872097675	6.901333569	-2.206796644	3.903688862
18.899187495	3.903688862	-2.142835046	3.232672717
19.163301847	3.232672717	0.575878152	-0.519261796
19.052154192	-0.519261796	-1.525860672	-6.460970094
19.038695383	-6.460970094	0.768293032	-5.090394872
18.826182616	-5.090394872	-0.125286984	-1.510990094
18.356729402	-1.510990094	-4.670912834	-8.236076384
18.540493470	-8.236076384	-4.759732654	-12.731965721
18.032600173	-12.731965721	-2.490384623	-5.223042599
17.313732360	-5.223042599	-2.294480062	-4.520461700
17.296093644	-4.520461700	1.115736081	3.330036464
17.570500984	3.330036464	-0.474413736	5.761061888
17.766289871	5.761061888	1.147818911	11.338593959
18.418422532	11.338593959	0.057633490	11.654781042
18.570166604	11.654781042	1.060352982	13.182401136
19.628517831	13.182401136	-4.404713929	-0.272640923
19.707520404	-0.272640923	-0.944426159	-4.583986248
19.545908502	-4.583986248	0.192975855	-10.313652854
19.080920179	-10.313652854	4.382617685	-4.215708149
19.178629389	-4.215708149	0.889087033	-1.692332514
18.680642600	-1.692332514	0.864294215	-1.650321932
18.621217935	-1.650321932	2.613352160	0.706881342
18.659260711	0.706881342	1.894948632	4.450914537
19.097311503	4.450914537	-2.124740600	-1.567611532
19.005760688	-1.567611532	3.071905755	2.183285870
19.103872016	2.183285870	1.382781333	-1.731868329
19.138176479	-1.731868329	1.455644083	-0.544071883
19.319726713	-0.544071883	2.454983307	4.491964161
19.018582430	4.491964161	3.874550781	2.666041493
19.262839317	2.666041493	-4.573703182	-8.159248422
19.268671404	-8.159248422	1.532511423	-6.395960350
19.131019708	-6.395960350	0.208483406	-6.762514174
18.768949412	-6.762514174	3.696140851	3.079247729
18.585749837	3.079247729	-2.650977792	-1.782199702
19.044844191	-1.782199702	4.379376643	6.580342737
18.893911187	6.580342737	-0.877210720	4.732674367
18.950612607	4.732674367	-1.107250546	3.333567195
19.428192285	3.333567195	-4.118648361	-6.446085282
18.950724969	-6.446085282	2.084507915	-2.718691835
18.741948843	-2.718691835	-1.050129399	-3.786146797
18.420411466	-3.786146797	-3.444714161	-9.125472937
18.328350369	-9.125472937	-1.358297013	-3.012093515
17.948949516	-3.012093515	1.599697190	3.304840124
18.053092273	3.304840124	-0.491073435	6.583762729
18.186820886	6.583762729	-3.196939392	0.909177187
18.516113068	0.909177187	0.958669456	3.097230472
19.190355729	3.097230472	-2.136228685	-0.683895320
18.921300347	-0.683895320	0.521388076	0.962296930
19.285745619	0.962296930	-1.493828107	-1.235137529
18.888002615	-1.235137529	1.527312009	-0.728474744
18.678708828	-0.728474744	1.052507855	0.750916286
18.877574627	0.750916286	-0.395660065	-0.489129871
19.185000406	-0.489129871	-2.718583657	-3.050459386
18.810166242	-3.050459386	-2.732106793	-5.104215935
18.423071481	-5.104215935	-4.343780010	-8.174571770
18.222221234	-8.174571770	2.522566048	2.348359893
17.935735328	2.348359893	-3.311998099	0.138940490
17.786018060	0.138940490	-3.492603409	-5.041230647
17.936792558	-5.041230647	-1.558806630	5.142315110
17.995656316	5.142315110	-3.392358577	-0.469341736
18.249485041	-0.469341736	4.295503765	11.673514127
18.156529529	11.673514127	-3.540710819	8.154069104
18.827899741	8.154069104	3.824861729	7.221437750
19.386034730	7.221437750	-3.115462131	1.555983628
19.480332726	1.555983628	-4.452358739	-9.647957354
19.252059886	-9.647957354	4.707420095	-5.025293934
18.938975406	-5.025293934	-3.948929309	-5.350602970
18.670084062	-5.350602970	0.133003495	-8.607782302
18.600285882	-8.607782302	2.899477964	4.385135878
18.020641284	4.385135878	0.750701670	5.073891778
18.366627571	5.073891778	-4.849805782	-3.164413639
18.501322151	-3.164413639	-0.979060939	5.606234835
18.510087955	5.606234835	-3.812695949	-6.608753946
18.656417081	-6.608753946	-2.925934352	-6.388628451
18.141108677	-6.388628451	-4.627597444	-6.190020808
18.111974289	-6.190020808	-0.379158070	0.480738479
17.674813349	0.480738479	-1.476105575	0.385158126
17.584435616	0.385158126	3.384029064	11.471800746
17.942819699	11.471800746	2.378073776	16.658979531
19.071011952	16.658979531	-3.079687340	8.836155615
19.265379304	8.836155615	0.271601757	3.444447916
19.651689471	3.444447916	-4.980363546	-8.208274008
19.370421891	-8.208274008	-2.160491137	-13.542346191
19.259022803	-13.542346191	2.884791334	-9.197636819
18.499660740	-9.197636819	0.937538584	0.029804925
18.383991116	0.029804925	-3.681283093	-3.008364876
18.080801313	-3.008364876	-3.206499834	-2.446362327
18.001266359	-2.446362327	-3.747180538	-1.007976306
17.927736633	-1.007976306	1.152216915	3.593298393
17.975532260	3.593298393	0.623944560	10.102728249
18.278919166	10.102728249	1.544693512	11.958954630
18.717154690	11.958954630	-1.969193241	4.474189581
19.265432600	4.474189581	-1.776333249	1.114433595
19.610250884	1.114433595	-0.132610642	0.219370511
19.423922738	0.219370511	-3.110374068	-11.195984093
19.203060346	-11.195984093	3.426677226	0.598738954
18.819103791	0.598738954	-2.329596901	-5.843901948
18.637661433	-5.843901948	-3.777860899	-9.350912421
18.534826496	-9.350912421	-3.057100179	-7.058564762
17.934957300	-7.058564762	1.390528593	-0.264726179
17.538217197	-0.264726179	1.288415686	9.039800138
17.846082194	9.039800138	0.869622072	15.243905835
18.238913194	15.243905835	3.519546448	17.318634336
19.503450891	17.318634336	-1.168241496	9.670834432
19.833303939	9.670834432	2.900955211	5.907302584
20.167017818	5.907302584	-1.724061012	-3.979080415
19.923549212	-3.979080415	-2.850235192	-15.748484504
20.239687000	-15.748484504	-3.194239473	-16.745750099
19.298968303	-16.745750099	-3.161044009	-20.329252122
17.931262787	-20.329252122	-2.485415478	-17.881875022
17.098925950	-17.881875022	1.822206405	-6.434776636
16.481268068	-6.434776636	0.992558739	-3.230139056
16.403774314	-3.230139056	2.261725883	5.565250148
16.361447983	5.565250148	4.371740887	14.233882527
17.010821783	14.233882527	2.366472048	24.661268100
18.025468115	24.661268100	-0.520540215	20.477977752
19.302516004	20.477977752	4.408492094	24.699811633
20.259591031	24.699811633	-2.720805882	9.844351012
21.128185399	9.844351012	1.031795542	6.833573149
21.480369568	6.833573149	-1.605126057	-0.402464691
21.770031948	-0.402464691	0.454390893	-0.375917704
22.101751724	-0.375917704	-0.146625460	-0.609470249
21.852057222	-0.609470249	-4.646380805	-9.295111294
21.936206215	-9.295111294	-4.472161439	-22.164903433
20.757508994	-22.164903433	4.292731821	-14.431026900
19.910726119	-14.431026900	-2.546988559	-20.513815510
18.940331317	-20.513815510	-3.152518477	-25.172888169
17.742107774	-25.172888169	0.337610914	-11.604248246
17.112047545	-11.604248246	2.058098012	-2.731105844
16.651301180	-2.731105844	2.647261968	5.111816211
16.420193286	5.111816211	-4.599822143	-0.514734626
16.730227244	-0.514734626	3.669883296	10.625177775
17.186444434	10.625177775	4.363084599	24.457037691
17.735202927	24.457037691	-3.069999624	15.637140535
18.943280359	15.637140535	3.593733283	23.341529096
19.647926672	23.341529096	-0.849101124	9.933431239
20.598839964	9.933431239	2.645309404	4.726875568
20.971286993	4.726875568	-4.021579217	-5.861120864
21.143372826	-5.861120864	2.823380634	-4.220159342
20.840840879	-4.220159342	-2.757971607	-12.231509092
20.413676746	-12.231509092	-1.122948682	-15.595709000
19.713738426	-15.595709000	-4.649263807	-29.361609646
18.417423256	-29.361609646	3.027325502	-17.394095322
17.636156568	-17.394095322	-3.096632053	-16.241228121
16.715076234	-16.241228121	2.581806234	-5.141755931
16.779467278	-5.141755931	2.334477001	4.564024874
16.904900701	4.564024874	-1.732987421	11.125516462
17.116051319	11.125516462	-4.133275273	8.347719110
17.434956711	8.347719110	-3.662216923	11.012890373
17.588124041	11.012890373	-3.281702404	6.097485893
17.892441334	6.097485893	-4.647687293	2.226646818
18.016280223	2.226646818	-2.142170666	3.521247419
18.241959654	3.521247419	-1.922077217	2.467095049
18.511637126	2.467095049	-3.350277321	-2.977378616
18.097402602	-2.977378616	3.587151157	9.724719788
18.735192965	9.724719788	-4.816373635	-2.761536204
18.513490422	-2.761536204	0.954661690	1.120773581
18.625419388	1.120773581	0.769603709	3.263848235
18.648950298	3.263848235	-3.290126511	-0.298404014
18.891417772	-0.298404014	0.098739726	-0.892695511
18.887663127	-0.892695511	2.561698884	4.540808759
19.004268822	4.540808759	-0.372618197	-1.880754219
19.153454634	-1.880754219	-4.497090640	-2.294159549
18.877662534	-2.294159549	0.731322047	-2.364995578
18.393817911	-2.364995578	-1.152839321	0.699279529
18.454849648	0.699279529	-4.751541396	-3.987404674
18.138785031	-3.987404674	3.687788696	2.032083536
18.269780729	2.032083536	3.109969194	11.568728755
18.949309527	11.568728755	-0.010325255	8.359859394
19.130117288	8.359859394	0.939361434	6.562612581
19.594608332	6.562612581	-4.744599151	-2.847426854
19.665025373	-2.847426854	-1.232431131	-9.871278413
19.344254770	-9.871278413	-2.971010994	-12.737366164
18.893645666	-12.737366164	1.317444085	-6.996763241
18.222762435	-6.996763241	-1.410888582	0.127427236
17.965451962	0.127427236	-0.476237522	1.335207771
17.636099862	1.335207771	-0.207285847	8.236628938
17.795360182	8.236628938	-2.550491449	4.891142023
18.300415313	4.891142023	-2.272317633	-0.372240112
18.382810837	-0.372240112	-1.820641089	-0.684326440
18.819569738	-0.684326440	0.343998369	4.759559329
18.762072184	4.759559329	-3.914412944	-4.533354445
18.702878422	-4.533354445	1.947459923	5.862963505
18.695969499	5.862963505	-0.854371203	0.365396273
18.618950623	0.365396273	-1.088482395	-0.144627792
18.916477541	-0.144627792	3.519762581	2.125307763
18.953158013	2.125307763	-0.678929087	8.060573896
19.127909352	8.060573896	-2.160565622	-7.899566058
19.001561263	-7.899566058	-3.099504964	-4.865133823
18.613112004	-4.865133823	-0.684377547	-7.975161918
18.111420870	-7.975161918	2.095892157	0.928705403
18.291286244	0.928705403	4.063350696	8.454502511
18.813208301	8.454502511	4.632415649	14.088857826
19.221814581	14.088857826	-4.141506989	2.412681036
19.734119943	2.412681036	-4.783145955	-6.913663781
19.589482975	-6.913663781	0.713211501	-12.272014350
19.006911418	-12.272014350	1.123223387	-5.101828110
18.633924539	-5.101828110	-4.260811121	-13.529329694
18.152509914	-13.529329694	1.951520647	-1.140045859
17.994018210	-1.140045859	-1.944893387	0.866596118
17.859222703	0.866596118	0.296573206	8.074940930
18.099121280	8.074940930	-2.351633448	3.967405366
18.353168819	3.967405366	1.389478204	10.699892770
18.960604559	10.699892770	3.767770399	10.924181889
19.120252310	10.924181889	0.736438576	8.596073040
19.646285894	8.596073040	-1.331406814	-1.312170447
19.822723985	-1.312170447	1.106325169	-2.889888921
19.817508314	-2.889888921	-3.878495168	-10.820533272
19.734309339	-10.820533272	-0.101922153	-15.586255408
19.042562661	-15.586255408	-0.634372283	-7.033899844
18.169524768	-7.033899844	0.411208861	-5.173513326
17.623284997	-5.173513326	3.361762231	7.110956772
17.846128658	7.110956772	-3.315230284	6.170789231
17.908819822	6.170789231	-4.641208510	2.040908544
18.303090116	2.040908544	4.607973060	11.742862886
18.736100956	11.742862886	-2.279069857	7.876361816
18.824510912	7.876361816	1.668079951	8.633506979
19.404117301	8.633506979	2.783262187	4.993119658
19.721233529	4.993119658	-3.434275754	-2.705581154
19.365223953	-2.705581154	2.069494480	-2.332231885
19.249377639	-2.332231885	-0.084428152	-7.942163523
19.483495602	-7.942163523	-1.843458682	-10.755178954
18.959269995	-10.755178954	4.385506543	-0.607800237
18.805178577	-0.607800237	3.624863997	9.860016351
18.499856915	9.860016351	-1.363155921	3.461184498
19.338983608	3.461184498	-2.442489730	-3.943232350
19.247843309	-3.943232350	4.354270123	3.191771063
19.173920428	3.191771063	0.742833544	5.679731542
