26
99
  -0.101805000000000	   0.049294000000000	   0.849461000000000	  -0.086652000000000	  -1.258187000000000	  -0.014054000000000	   0.127036000000000	  -0.101485000000000	   0.082678000000000	   0.780851000000000	  -0.127564000000000	  -1.260575000000000	  -0.023445000000000	  -0.031486000000000	  -7.264285000000000	   2.478177000000000	  -3.210299000000000	  -4.747213000000000	   4.601697000000000	   5.416498000000000	  -6.774283000000000	   8.188587999999999	   0.193654000000000	   1.711096000000000	   1.733260000000000	   7.441398000000000	   0.249667000000000
  -0.181315000000000	  -0.051946000000000	   0.882617000000000	  -0.133979000000000	  -1.353779000000000	   0.070610000000000	   0.249667000000000	  -0.101805000000000	   0.049294000000000	   0.849461000000000	  -0.086652000000000	  -1.258187000000000	  -0.014054000000000	   0.127036000000000	  -4.611000000000000	   5.537980000000000	  -0.646540000000000	  -0.342953000000000	   5.020811000000000	   7.351228000000000	  -7.264285000000000	   2.478177000000000	  -3.210299000000000	  -4.747213000000000	   4.601697000000000	   5.416498000000000	   0.408882000000000
  -0.253997000000000	  -0.145582000000000	   0.944652000000000	  -0.176094000000000	  -1.378943000000000	   0.143139000000000	   0.408882000000000	  -0.181315000000000	  -0.051946000000000	   0.882617000000000	  -0.133979000000000	  -1.353779000000000	   0.070610000000000	   0.249667000000000	  -3.808981000000000	   5.214066000000000	   1.136814000000000	   1.836018000000000	   6.176673000000000	  -2.566947000000000	  -4.611000000000000	   5.537980000000000	  -0.646540000000000	  -0.342953000000000	   5.020811000000000	   7.351228000000000	   0.351535000000000
  -0.315367000000000	  -0.247840000000000	   1.029611000000000	  -0.191178000000000	  -1.338132000000000	   0.242710000000000	   0.351535000000000	  -0.253997000000000	  -0.145582000000000	   0.944652000000000	  -0.176094000000000	  -1.378943000000000	   0.143139000000000	   0.408882000000000	  -5.178720000000000	   3.639345000000000	   3.074589000000000	  -0.385445000000000	   4.925428000000000	  -6.386901000000000	  -3.808981000000000	   5.214066000000000	   1.136814000000000	   1.836018000000000	   6.176673000000000	  -2.566947000000000	   0.210647000000000
  -0.383541000000000	  -0.390251000000000	   1.102531000000000	  -0.157519000000000	  -1.336169000000000	   0.326101000000000	   0.210647000000000	  -0.315367000000000	  -0.247840000000000	   1.029611000000000	  -0.191178000000000	  -1.338132000000000	   0.242710000000000	   0.351535000000000	  -4.705130000000000	   0.579200000000000	   1.647051000000000	   1.120914000000000	   2.188733000000000	  -6.003014000000000	  -5.178720000000000	   3.639345000000000	   3.074589000000000	  -0.385445000000000	   4.925428000000000	  -6.386901000000000	   0.077393000000000
  -0.457052000000000	  -0.520854000000000	   1.118125000000000	  -0.143128000000000	  -1.306445000000000	   0.360012000000000	   0.077393000000000	  -0.383541000000000	  -0.390251000000000	   1.102531000000000	  -0.157519000000000	  -1.336169000000000	   0.326101000000000	   0.210647000000000	  -4.239513000000000	   1.853843000000000	   2.210017000000000	   4.563807000000000	   5.427270000000000	  -0.079292000000000	  -4.705130000000000	   0.579200000000000	   1.647051000000000	   1.120914000000000	   2.188733000000000	  -6.003014000000000	   0.071636000000000
  -0.520488000000000	  -0.648086000000000	   1.108555000000000	  -0.136619000000000	  -1.222564000000000	   0.451235000000000	   0.071636000000000	  -0.457052000000000	  -0.520854000000000	   1.118125000000000	  -0.143128000000000	  -1.306445000000000	   0.360012000000000	   0.077393000000000	  -3.145836000000000	   0.911869000000000	   1.214467000000000	   6.869020000000000	   4.309044000000000	  -2.596140000000000	  -4.239513000000000	   1.853843000000000	   2.210017000000000	   4.563807000000000	   5.427270000000000	  -0.079292000000000	   0.012491000000000
  -0.567732000000000	  -0.750335000000000	   1.098718000000000	  -0.139921000000000	  -1.077863000000000	   0.530698000000000	   0.012491000000000	  -0.520488000000000	  -0.648086000000000	   1.108555000000000	  -0.136619000000000	  -1.222564000000000	   0.451235000000000	   0.071636000000000	  -4.672198000000000	   5.528433000000000	   3.310929000000000	   6.127703000000000	   5.855073000000000	   0.427027000000000	  -3.145836000000000	   0.911869000000000	   1.214467000000000	   6.869020000000000	   4.309044000000000	  -2.596140000000000	   0.017563000000000
  -0.600323000000000	  -0.878693000000000	   1.143265000000000	  -0.097317000000000	  -0.966699000000000	   0.645490000000000	   0.017563000000000	  -0.567732000000000	  -0.750335000000000	   1.098718000000000	  -0.139921000000000	  -1.077863000000000	   0.530698000000000	   0.012491000000000	   4.514432000000000	   6.755855000000000	   3.248702000000000	   5.537205000000000	   4.816960000000000	   3.542731000000000	  -4.672198000000000	   5.528433000000000	   3.310929000000000	   6.127703000000000	   5.855073000000000	   0.427027000000000	   0.094985000000000
  -0.575954000000000	  -0.905690000000000	   1.258053000000000	  -0.107373000000000	  -0.848263000000000	   0.728056000000000	   0.094985000000000	  -0.600323000000000	  -0.878693000000000	   1.143265000000000	  -0.097317000000000	  -0.966699000000000	   0.645490000000000	   0.017563000000000	   5.545119000000000	   6.498146000000000	   4.131200000000000	   5.760634000000000	   4.110104000000000	   7.036748000000000	   4.514432000000000	   6.755855000000000	   3.248702000000000	   5.537205000000000	   4.816960000000000	   3.542731000000000	   0.251257000000000
  -0.496641000000000	  -0.886407000000000	   1.389082000000000	  -0.084737000000000	  -0.719657000000000	   0.800951000000000	   0.251257000000000	  -0.575954000000000	  -0.905690000000000	   1.258053000000000	  -0.107373000000000	  -0.848263000000000	   0.728056000000000	   0.094985000000000	   8.600000000000000	   3.864690000000000	   1.212484000000000	   8.531243000000000	  -3.275450000000000	   1.164515000000000	   5.545119000000000	   6.498146000000000	   4.131200000000000	   5.760634000000000	   4.110104000000000	   7.036748000000000	   0.278555000000000
  -0.384284000000000	  -0.771158000000000	   1.476874000000000	  -0.100257000000000	  -0.525086000000000	   0.721840000000000	   0.278555000000000	  -0.496641000000000	  -0.886407000000000	   1.389082000000000	  -0.084737000000000	  -0.719657000000000	   0.800951000000000	   0.251257000000000	   8.600000000000000	   7.829492000000000	   0.047851000000000	   1.235263000000000	   4.995521000000000	   1.153441000000000	   8.600000000000000	   3.864690000000000	   1.212484000000000	   8.531243000000000	  -3.275450000000000	   1.164515000000000	   0.305105000000000
  -0.243120000000000	  -0.642666000000000	   1.632970000000000	  -0.148970000000000	  -0.496644000000000	   0.816810000000000	   0.305105000000000	  -0.384284000000000	  -0.771158000000000	   1.476874000000000	  -0.100257000000000	  -0.525086000000000	   0.721840000000000	   0.278555000000000	   5.757067000000000	   0.827358000000000	   1.952680000000000	   3.642146000000000	  -8.600000000000000	  -1.180213000000000	   8.600000000000000	   7.829492000000000	   0.047851000000000	   1.235263000000000	   4.995521000000000	   1.153441000000000	   0.281535000000000
  -0.113965000000000	  -0.523962000000000	   1.685267000000000	  -0.109192000000000	  -0.401689000000000	   0.629692000000000	   0.281535000000000	  -0.243120000000000	  -0.642666000000000	   1.632970000000000	  -0.148970000000000	  -0.496644000000000	   0.816810000000000	   0.305105000000000	   6.561523000000000	   4.910156000000000	  -1.741227000000000	  -7.770929000000000	  -0.976639000000000	  -1.056250000000000	   5.757067000000000	   0.827358000000000	   1.952680000000000	   3.642146000000000	  -8.600000000000000	  -1.180213000000000	   0.260142000000000
  -0.000079000000000	  -0.405602000000000	   1.791569000000000	  -0.172749000000000	  -0.566355000000000	   0.595563000000000	   0.260142000000000	  -0.113965000000000	  -0.523962000000000	   1.685267000000000	  -0.109192000000000	  -0.401689000000000	   0.629692000000000	   0.281535000000000	   7.361353000000000	  -4.080013000000000	  -2.474722000000000	  -6.020914000000000	  -3.845349000000000	   0.382119000000000	   6.561523000000000	   4.910156000000000	  -1.741227000000000	  -7.770929000000000	  -0.976639000000000	  -1.056250000000000	   0.272486000000000
   0.112162000000000	  -0.302597000000000	   1.757716000000000	  -0.233504000000000	  -0.670526000000000	   0.588835000000000	   0.272486000000000	  -0.000079000000000	  -0.405602000000000	   1.791569000000000	  -0.172749000000000	  -0.566355000000000	   0.595563000000000	   0.260142000000000	   8.600000000000000	  -6.704725000000000	  -4.493066000000000	   4.809493000000000	  -4.450312000000000	  -3.058256000000000	   7.361353000000000	  -4.080013000000000	  -2.474722000000000	  -6.020914000000000	  -3.845349000000000	   0.382119000000000	   0.202375000000000
   0.253800000000000	  -0.136946000000000	   1.592333000000000	  -0.332034000000000	  -0.567712000000000	   0.541701000000000	   0.202375000000000	   0.112162000000000	  -0.302597000000000	   1.757716000000000	  -0.233504000000000	  -0.670526000000000	   0.588835000000000	   0.272486000000000	   7.397962000000000	  -5.588401000000000	  -4.237256000000000	   8.600000000000000	  -8.600000000000000	  -2.893844000000000	   8.600000000000000	  -6.704725000000000	  -4.493066000000000	   4.809493000000000	  -4.450312000000000	  -3.058256000000000	   0.134201000000000
   0.415352000000000	   0.037828000000000	   1.411984000000000	  -0.405702000000000	  -0.392408000000000	   0.427524000000000	   0.134201000000000	   0.253800000000000	  -0.136946000000000	   1.592333000000000	  -0.332034000000000	  -0.567712000000000	   0.541701000000000	   0.202375000000000	   7.861359000000000	  -6.239612000000000	  -3.912441000000000	   2.410737000000000	  -8.110397000000001	  -1.443496000000000	   7.397962000000000	  -5.588401000000000	  -4.237256000000000	   8.600000000000000	  -8.600000000000000	  -2.893844000000000	   0.102278000000000
   0.573281000000000	   0.205245000000000	   1.265333000000000	  -0.492374000000000	  -0.332653000000000	   0.279445000000000	   0.102278000000000	   0.415352000000000	   0.037828000000000	   1.411984000000000	  -0.405702000000000	  -0.392408000000000	   0.427524000000000	   0.134201000000000	   8.383095000000001	  -7.066168000000000	  -6.786253000000000	  -5.883450000000000	  -8.401085999999999	  -4.842752000000000	   7.861359000000000	  -6.239612000000000	  -3.912441000000000	   2.410737000000000	  -8.110397000000001	  -1.443496000000000	  -0.018655000000000
   0.701018000000000	   0.387389000000000	   1.338108000000000	  -0.637195000000000	  -0.368638000000000	   0.094311000000000	  -0.018655000000000	   0.573281000000000	   0.205245000000000	   1.265333000000000	  -0.492374000000000	  -0.332653000000000	   0.279445000000000	   0.102278000000000	   8.600000000000000	  -6.017203000000000	  -8.600000000000000	  -1.083045000000000	   3.486232000000000	  -5.054254000000000	   8.383095000000001	  -7.066168000000000	  -6.786253000000000	  -5.883450000000000	  -8.401085999999999	  -4.842752000000000	  -0.154217000000000
   0.763777000000000	   0.546663000000000	   1.324401000000000	  -0.838692000000000	  -0.363603000000000	   0.168348000000000	  -0.154217000000000	   0.701018000000000	   0.387389000000000	   1.338108000000000	  -0.637195000000000	  -0.368638000000000	   0.094311000000000	  -0.018655000000000	   8.600000000000000	  -7.611435000000000	  -8.600000000000000	  -1.293992000000000	   6.068398000000000	  -2.024255000000000	   8.600000000000000	  -6.017203000000000	  -8.600000000000000	  -1.083045000000000	   3.486232000000000	  -5.054254000000000	  -0.112509000000000
   0.833739000000000	   0.757439000000000	   1.277058000000000	  -1.017620000000000	  -0.329385000000000	   0.303756000000000	  -0.112509000000000	   0.763777000000000	   0.546663000000000	   1.324401000000000	  -0.838692000000000	  -0.363603000000000	   0.168348000000000	  -0.154217000000000	   8.600000000000000	  -8.333349000000000	  -8.600000000000000	  -7.941651000000000	   3.548010000000000	   7.092473000000000	   8.600000000000000	  -7.611435000000000	  -8.600000000000000	  -1.293992000000000	   6.068398000000000	  -2.024255000000000	   0.059202000000000
   0.849873000000000	   0.925106000000000	   1.234189000000000	  -1.209199000000000	  -0.441866000000000	   0.382381000000000	   0.059202000000000	   0.833739000000000	   0.757439000000000	   1.277058000000000	  -1.017620000000000	  -0.329385000000000	   0.303756000000000	  -0.112509000000000	   8.600000000000000	  -8.600000000000000	  -8.600000000000000	  -7.465660000000000	   6.537965000000000	  -6.567021000000000	   8.600000000000000	  -8.333349000000000	  -8.600000000000000	  -7.941651000000000	   3.548010000000000	   7.092473000000000	   0.169065000000000
   0.853949000000000	   1.124589000000000	   1.146068000000000	  -1.392821000000000	  -0.459533000000000	   0.527619000000000	   0.169065000000000	   0.849873000000000	   0.925106000000000	   1.234189000000000	  -1.209199000000000	  -0.441866000000000	   0.382381000000000	   0.059202000000000	   7.805783000000000	  -8.600000000000000	  -8.600000000000000	  -4.887773000000000	   8.600000000000000	   1.356747000000000	   8.600000000000000	  -8.600000000000000	  -8.600000000000000	  -7.465660000000000	   6.537965000000000	  -6.567021000000000	   0.287083000000000
   0.829748000000000	   1.299313000000000	   1.050109000000000	  -1.571075000000000	  -0.506069000000000	   0.719587000000000	   0.287083000000000	   0.853949000000000	   1.124589000000000	   1.146068000000000	  -1.392821000000000	  -0.459533000000000	   0.527619000000000	   0.169065000000000	   6.082739000000000	  -8.600000000000000	  -8.508371000000000	  -5.369359000000000	   8.600000000000000	   0.397636000000000	   7.805783000000000	  -8.600000000000000	  -8.600000000000000	  -4.887773000000000	   8.600000000000000	   1.356747000000000	   0.416496000000000
   0.782749000000000	   1.442747000000000	   0.927554000000000	  -1.744870000000000	  -0.559927000000000	   0.912215000000000	   0.416496000000000	   0.829748000000000	   1.299313000000000	   1.050109000000000	  -1.571075000000000	  -0.506069000000000	   0.719587000000000	   0.287083000000000	   7.805824000000000	  -8.600000000000000	   6.531175000000000	  -5.627433000000000	  -5.873032000000000	  -0.858487000000000	   6.082739000000000	  -8.600000000000000	  -8.508371000000000	  -5.369359000000000	   8.600000000000000	   0.397636000000000	   0.475385000000000
   0.748292000000000	   1.564721000000000	   0.839911000000000	  -1.628349000000000	  -0.626843000000000	   0.777716000000000	   0.475385000000000	   0.782749000000000	   1.442747000000000	   0.927554000000000	  -1.744870000000000	  -0.559927000000000	   0.912215000000000	   0.416496000000000	   6.548403000000000	  -8.600000000000000	   8.221575000000000	  -5.616566000000000	  -2.045818000000000	   5.859830000000000	   7.805824000000000	  -8.600000000000000	   6.531175000000000	  -5.627433000000000	  -5.873032000000000	  -0.858487000000000	   0.633715000000000
   0.686841000000000	   1.670619000000000	   0.706726000000000	  -1.455040000000000	  -0.722726000000000	   0.727664000000000	   0.633715000000000	   0.748292000000000	   1.564721000000000	   0.839911000000000	  -1.628349000000000	  -0.626843000000000	   0.777716000000000	   0.475385000000000	   8.442685000000001	  -8.600000000000000	   8.600000000000000	   8.121855999999999	  -6.996636000000000	   1.831086000000000	   6.548403000000000	  -8.600000000000000	   8.221575000000000	  -5.616566000000000	  -2.045818000000000	   5.859830000000000	   0.745419000000000
   0.679052000000000	   1.829616000000000	   0.502539000000000	  -1.249537000000000	  -0.569004000000000	   0.569993000000000	   0.745419000000000	   0.686841000000000	   1.670619000000000	   0.706726000000000	  -1.455040000000000	  -0.722726000000000	   0.727664000000000	   0.633715000000000	  -1.890519000000000	  -8.600000000000000	   5.523068000000000	  -8.600000000000000	  -5.744880000000000	  -6.068679000000000	   8.442685000000001	  -8.600000000000000	   8.600000000000000	   8.121855999999999	  -6.996636000000000	   1.831086000000000	   0.740729000000000
   0.631675000000000	   1.833509000000000	   0.395527000000000	  -1.097994000000000	  -0.692303000000000	   0.446438000000000	   0.740729000000000	   0.679052000000000	   1.829616000000000	   0.502539000000000	  -1.249537000000000	  -0.569004000000000	   0.569993000000000	   0.745419000000000	  -7.357284000000000	  -8.600000000000000	   5.938428000000000	   6.790166000000000	  -6.122322000000000	  -6.392587000000000	  -1.890519000000000	  -8.600000000000000	   5.523068000000000	  -8.600000000000000	  -5.744880000000000	  -6.068679000000000	   0.618663000000000
   0.567511000000000	   1.709955000000000	   0.148330000000000	  -0.943615000000000	  -0.585267000000000	   0.312976000000000	   0.618663000000000	   0.631675000000000	   1.833509000000000	   0.395527000000000	  -1.097994000000000	  -0.692303000000000	   0.446438000000000	   0.740729000000000	  -8.600000000000000	  -8.600000000000000	   5.534789000000000	  -8.600000000000000	   6.037735000000000	  -8.600000000000000	  -7.357284000000000	  -8.600000000000000	   5.938428000000000	   6.790166000000000	  -6.122322000000000	  -6.392587000000000	   0.448161000000000
   0.491524000000000	   1.572017000000000	   0.033456000000000	  -0.903651000000000	  -0.723268000000000	   0.393099000000000	   0.448161000000000	   0.567511000000000	   1.709955000000000	   0.148330000000000	  -0.943615000000000	  -0.585267000000000	   0.312976000000000	   0.618663000000000	  -8.600000000000000	   4.112833000000000	   8.600000000000000	  -8.600000000000000	  -1.554238000000000	  -8.457933000000001	  -8.600000000000000	  -8.600000000000000	   5.534789000000000	  -8.600000000000000	   6.037735000000000	  -8.600000000000000	   0.260069000000000
   0.507447000000000	   1.490685000000000	   0.167839000000000	  -0.844615000000000	  -0.895216000000000	   0.275139000000000	   0.260069000000000	   0.491524000000000	   1.572017000000000	   0.033456000000000	  -0.903651000000000	  -0.723268000000000	   0.393099000000000	   0.448161000000000	  -8.600000000000000	   4.007771000000000	   7.548907000000000	  -8.600000000000000	  -8.030059000000000	  -7.964533000000000	  -8.600000000000000	   4.112833000000000	   8.600000000000000	  -8.600000000000000	  -1.554238000000000	  -8.457933000000001	   0.083613000000000
   0.500208000000000	   1.341809000000000	   0.271379000000000	  -0.685438000000000	  -1.075757000000000	   0.081450000000000	   0.083613000000000	   0.507447000000000	   1.490685000000000	   0.167839000000000	  -0.844615000000000	  -0.895216000000000	   0.275139000000000	   0.260069000000000	  -8.600000000000000	   3.568171000000000	   7.716966000000000	  -8.600000000000000	  -3.281561000000000	  -7.772592000000000	  -8.600000000000000	   4.007771000000000	   7.548907000000000	  -8.600000000000000	  -8.030059000000000	  -7.964533000000000	  -0.088347000000000
   0.484312000000000	   1.193183000000000	   0.369553000000000	  -0.553403000000000	  -1.253670000000000	  -0.037505000000000	  -0.088347000000000	   0.500208000000000	   1.341809000000000	   0.271379000000000	  -0.685438000000000	  -1.075757000000000	   0.081450000000000	   0.083613000000000	  -8.600000000000000	   1.871451000000000	   8.147436000000001	  -7.476588000000000	   1.996044000000000	  -6.664493000000000	  -8.600000000000000	   3.568171000000000	   7.716966000000000	  -8.600000000000000	  -3.281561000000000	  -7.772592000000000	  -0.234711000000000
   0.465644000000000	   1.031203000000000	   0.443306000000000	  -0.426038000000000	  -1.400492000000000	  -0.054303000000000	  -0.234711000000000	   0.484312000000000	   1.193183000000000	   0.369553000000000	  -0.553403000000000	  -1.253670000000000	  -0.037505000000000	  -0.088347000000000	  -8.600000000000000	   2.898926000000000	   6.540211000000000	  -8.600000000000000	   5.950911000000000	   1.669217000000000	  -8.600000000000000	   1.871451000000000	   8.147436000000001	  -7.476588000000000	   1.996044000000000	  -6.664493000000000	  -0.196740000000000
   0.451670000000000	   0.869359000000000	   0.520538000000000	  -0.310499000000000	  -1.578440000000000	   0.033894000000000	  -0.196740000000000	   0.465644000000000	   1.031203000000000	   0.443306000000000	  -0.426038000000000	  -1.400492000000000	  -0.054303000000000	  -0.234711000000000	  -8.119811000000000	   4.267231000000000	   4.428090000000000	  -8.600000000000000	   8.600000000000000	   8.600000000000000	  -8.600000000000000	   2.898926000000000	   6.540211000000000	  -8.600000000000000	   5.950911000000000	   1.669217000000000	  -0.005403000000000
   0.443229000000000	   0.717981000000000	   0.613053000000000	  -0.220007000000000	  -1.765027000000000	   0.202117000000000	  -0.005403000000000	   0.451670000000000	   0.869359000000000	   0.520538000000000	  -0.310499000000000	  -1.578440000000000	   0.033894000000000	  -0.196740000000000	  -7.728021000000000	   6.232565000000000	  -3.272751000000000	  -8.600000000000000	   8.204122000000000	   8.600000000000000	  -8.119811000000000	   4.267231000000000	   4.428090000000000	  -8.600000000000000	   8.600000000000000	   8.600000000000000	   0.185753000000000
   0.420231000000000	   0.620029000000000	   0.726721000000000	  -0.254260000000000	  -1.955787000000000	   0.391281000000000	   0.185753000000000	   0.443229000000000	   0.717981000000000	   0.613053000000000	  -0.220007000000000	  -1.765027000000000	   0.202117000000000	  -0.005403000000000	  -6.248446000000000	   6.668458000000000	  -4.120596000000000	  -2.981876000000000	   3.324382000000000	   8.600000000000000	  -7.728021000000000	   6.232565000000000	  -3.272751000000000	  -8.600000000000000	   8.204122000000000	   8.600000000000000	   0.374199000000000
   0.378137000000000	   0.536842000000000	   0.847132000000000	  -0.321167000000000	  -2.035757000000000	   0.471254000000000	   0.374199000000000	   0.420231000000000	   0.620029000000000	   0.726721000000000	  -0.254260000000000	  -1.955787000000000	   0.391281000000000	   0.185753000000000	  -6.316288000000000	   6.714760000000000	   0.262254000000000	  -0.693962000000000	  -2.428813000000000	   7.709876000000000	  -6.248446000000000	   6.668458000000000	  -4.120596000000000	  -2.981876000000000	   3.324382000000000	   8.600000000000000	   0.545610000000000
   0.328423000000000	   0.428157000000000	   0.980844000000000	  -0.320419000000000	  -2.044328000000000	   0.408448000000000	   0.545610000000000	   0.378137000000000	   0.536842000000000	   0.847132000000000	  -0.321167000000000	  -2.035757000000000	   0.471254000000000	   0.374199000000000	  -5.735000000000000	   4.262563000000000	  -3.713336000000000	   5.186987000000000	  -2.222907000000000	   3.662186000000000	  -6.316288000000000	   6.714760000000000	   0.262254000000000	  -0.693962000000000	  -2.428813000000000	   7.709876000000000	   0.625739000000000
   0.262260000000000	   0.331758000000000	   1.061422000000000	  -0.393694000000000	  -1.934833000000000	   0.356899000000000	   0.625739000000000	   0.328423000000000	   0.428157000000000	   0.980844000000000	  -0.320419000000000	  -2.044328000000000	   0.408448000000000	   0.545610000000000	  -6.573214000000000	   4.330142000000000	  -1.485915000000000	   7.884936000000000	  -6.283337000000000	  -2.090085000000000	  -5.735000000000000	   4.262563000000000	  -3.713336000000000	   5.186987000000000	  -2.222907000000000	   3.662186000000000	   0.580042000000000
   0.225211000000000	   0.202975000000000	   1.152837000000000	  -0.375252000000000	  -1.736152000000000	   0.397385000000000	   0.580042000000000	   0.262260000000000	   0.331758000000000	   1.061422000000000	  -0.393694000000000	  -1.934833000000000	   0.356899000000000	   0.625739000000000	  -8.285537000000000	   5.518157000000000	   3.204069000000000	   4.898713000000000	  -4.740079000000000	   8.400543000000001	  -6.573214000000000	   4.330142000000000	  -1.485915000000000	   7.884936000000000	  -6.283337000000000	  -2.090085000000000	   0.765592000000000
   0.210710000000000	   0.054562000000000	   1.256076000000000	  -0.251336000000000	  -1.608856000000000	   0.407381000000000	   0.765592000000000	   0.225211000000000	   0.202975000000000	   1.152837000000000	  -0.375252000000000	  -1.736152000000000	   0.397385000000000	   0.580042000000000	  -8.290556000000001	   6.226226000000000	  -1.514774000000000	   6.458313000000000	   3.887555000000000	  -4.622388000000000	  -8.285537000000000	   5.518157000000000	   3.204069000000000	   4.898713000000000	  -4.740079000000000	   8.400543000000001	   0.661591000000000
   0.171591000000000	  -0.073540000000000	   1.353280000000000	  -0.257539000000000	  -1.472512000000000	   0.502567000000000	   0.661591000000000	   0.210710000000000	   0.054562000000000	   1.256076000000000	  -0.251336000000000	  -1.608856000000000	   0.407381000000000	   0.765592000000000	  -6.776397000000000	   5.694606000000000	  -3.419962000000000	   7.620350000000000	   0.464751000000000	  -6.594228000000000	  -8.290556000000001	   6.226226000000000	  -1.514774000000000	   6.458313000000000	   3.887555000000000	  -4.622388000000000	   0.512533000000000
   0.132098000000000	  -0.204075000000000	   1.450881000000000	  -0.283291000000000	  -1.301898000000000	   0.619362000000000	   0.512533000000000	   0.171591000000000	  -0.073540000000000	   1.353280000000000	  -0.257539000000000	  -1.472512000000000	   0.502567000000000	   0.661591000000000	  -6.271911000000000	   3.249009000000000	   1.099091000000000	   8.600000000000000	  -1.343713000000000	  -8.600000000000000	  -6.776397000000000	   5.694606000000000	  -3.419962000000000	   7.620350000000000	   0.464751000000000	  -6.594228000000000	   0.321027000000000
   0.107311000000000	  -0.360301000000000	   1.520341000000000	  -0.228274000000000	  -1.100210000000000	   0.695783000000000	   0.321027000000000	   0.132098000000000	  -0.204075000000000	   1.450881000000000	  -0.283291000000000	  -1.301898000000000	   0.619362000000000	   0.512533000000000	   4.678421000000000	   2.181749000000000	   0.183103000000000	   8.600000000000000	  -1.953342000000000	  -6.862775000000000	  -6.271911000000000	   3.249009000000000	   1.099091000000000	   8.600000000000000	  -1.343713000000000	  -8.600000000000000	   0.170152000000000
   0.159985000000000	  -0.367762000000000	   1.587000000000000	  -0.251998000000000	  -0.883804000000000	   0.742240000000000	   0.170152000000000	   0.107311000000000	  -0.360301000000000	   1.520341000000000	  -0.228274000000000	  -1.100210000000000	   0.695783000000000	   0.321027000000000	   6.445690000000000	   7.428186000000000	   0.389420000000000	   6.882878000000000	  -6.066739000000000	   1.680643000000000	   4.678421000000000	   2.181749000000000	   0.183103000000000	   8.600000000000000	  -1.953342000000000	  -6.862775000000000	   0.205344000000000
   0.302514000000000	  -0.269582000000000	   1.709732000000000	  -0.238868000000000	  -0.735298000000000	   0.705086000000000	   0.205344000000000	   0.159985000000000	  -0.367762000000000	   1.587000000000000	  -0.251998000000000	  -0.883804000000000	   0.742240000000000	   0.170152000000000	   4.510753000000000	   1.541361000000000	   2.754011000000000	  -2.648420000000000	  -6.595197000000000	   1.696573000000000	   6.445690000000000	   7.428186000000000	   0.389420000000000	   6.882878000000000	  -6.066739000000000	   1.680643000000000	   0.249676000000000
   0.442107000000000	  -0.200405000000000	   1.808458000000000	  -0.180471000000000	  -0.757321000000000	   0.595856000000000	   0.249676000000000	   0.302514000000000	  -0.269582000000000	   1.709732000000000	  -0.238868000000000	  -0.735298000000000	   0.705086000000000	   0.205344000000000	   6.415923000000000	  -8.591042000000000	  -7.911570000000000	  -1.351450000000000	   3.687952000000000	   6.870152000000000	   4.510753000000000	   1.541361000000000	   2.754011000000000	  -2.648420000000000	  -6.595197000000000	   1.696573000000000	   0.407620000000000
   0.538164000000000	  -0.079353000000000	   1.708312000000000	  -0.359449000000000	  -0.750195000000000	   0.672624000000000	   0.407620000000000	   0.442107000000000	  -0.200405000000000	   1.808458000000000	  -0.180471000000000	  -0.757321000000000	   0.595856000000000	   0.249676000000000	   5.829467000000000	  -8.600000000000000	  -8.600000000000000	   6.060698000000000	  -8.487909000000000	  -0.668154000000000	   6.415923000000000	  -8.591042000000000	  -7.911570000000000	  -1.351450000000000	   3.687952000000000	   6.870152000000000	   0.352909000000000
   0.652222000000000	   0.100091000000000	   1.647443000000000	  -0.535027000000000	  -0.660647000000000	   0.519796000000000	   0.352909000000000	   0.538164000000000	  -0.079353000000000	   1.708312000000000	  -0.359449000000000	  -0.750195000000000	   0.672624000000000	   0.407620000000000	   7.050674000000000	  -8.600000000000000	  -8.600000000000000	  -0.777230000000000	  -6.331339000000000	  -7.026159000000000	   5.829467000000000	  -8.600000000000000	  -8.600000000000000	   6.060698000000000	  -8.487909000000000	  -0.668154000000000	   0.208614000000000
   0.712440000000000	   0.243129000000000	   1.640187000000000	  -0.725984000000000	  -0.605400000000000	   0.377352000000000	   0.208614000000000	   0.652222000000000	   0.100091000000000	   1.647443000000000	  -0.535027000000000	  -0.660647000000000	   0.519796000000000	   0.352909000000000	   7.435862000000000	  -8.600000000000000	  -8.600000000000000	   0.803680000000000	   5.002756000000000	  -8.600000000000000	   7.050674000000000	  -8.600000000000000	  -8.600000000000000	  -0.777230000000000	  -6.331339000000000	  -7.026159000000000	   0.012553000000000
   0.720368000000000	   0.373603000000000	   1.581783000000000	  -0.930295000000000	  -0.544551000000000	   0.484379000000000	   0.012553000000000	   0.712440000000000	   0.243129000000000	   1.640187000000000	  -0.725984000000000	  -0.605400000000000	   0.377352000000000	   0.208614000000000	   8.274493000000000	  -8.600000000000000	  -8.600000000000000	   8.600000000000000	   8.266171999999999	  -5.824237000000000	   7.435862000000000	  -8.600000000000000	  -8.600000000000000	   0.803680000000000	   5.002756000000000	  -8.600000000000000	  -0.168995000000000
   0.733644000000000	   0.565395000000000	   1.467516000000000	  -1.114892000000000	  -0.377852000000000	   0.667450000000000	  -0.168995000000000	   0.720368000000000	   0.373603000000000	   1.581783000000000	  -0.930295000000000	  -0.544551000000000	   0.484379000000000	   0.012553000000000	   5.214500000000000	  -8.600000000000000	  -7.840046000000000	   4.265053000000000	   8.052846000000001	   7.255391000000000	   8.274493000000000	  -8.600000000000000	  -8.600000000000000	   8.600000000000000	   8.266171999999999	  -5.824237000000000	  -0.087925000000000
   0.740374000000000	   0.732720000000000	   1.365451000000000	  -1.259364000000000	  -0.313836000000000	   0.849188000000000	  -0.087925000000000	   0.733644000000000	   0.565395000000000	   1.467516000000000	  -1.114892000000000	  -0.377852000000000	   0.667450000000000	  -0.168995000000000	   7.216416000000000	  -8.600000000000000	  -4.825057000000000	   4.240479000000000	  -8.212394000000000	   8.312935000000000	   5.214500000000000	  -8.600000000000000	  -7.840046000000000	   4.265053000000000	   8.052846000000001	   7.255391000000000	   0.068287000000000
   0.742065000000000	   0.897888000000000	   1.229685000000000	  -1.358352000000000	  -0.219611000000000	   0.668371000000000	   0.068287000000000	   0.740374000000000	   0.732720000000000	   1.365451000000000	  -1.259364000000000	  -0.313836000000000	   0.849188000000000	  -0.087925000000000	   5.200574000000000	  -8.600000000000000	  -7.730438000000000	  -4.462188000000000	   4.044921000000000	   1.662447000000000	   7.216416000000000	  -8.600000000000000	  -4.825057000000000	   4.240479000000000	  -8.212394000000000	   8.312935000000000	   0.114065000000000
   0.692230000000000	   1.003837000000000	   1.138759000000000	  -1.524165000000000	  -0.261924000000000	   0.756687000000000	   0.114065000000000	   0.742065000000000	   0.897888000000000	   1.229685000000000	  -1.358352000000000	  -0.219611000000000	   0.668371000000000	   0.068287000000000	   6.227129000000000	  -7.285313000000000	  -6.409135000000000	  -1.304909000000000	   6.494473000000000	   6.537185000000000	   5.200574000000000	  -8.600000000000000	  -7.730438000000000	  -4.462188000000000	   4.044921000000000	   1.662447000000000	   0.228168000000000
   0.643685000000000	   1.133804000000000	   1.033662000000000	  -1.656924000000000	  -0.299697000000000	   0.900181000000000	   0.228168000000000	   0.692230000000000	   1.003837000000000	   1.138759000000000	  -1.524165000000000	  -0.261924000000000	   0.756687000000000	   0.114065000000000	   6.387478000000000	  -5.986819000000000	  -6.823443000000000	  -5.845529000000000	  -7.903382000000000	   7.025072000000000	   6.227129000000000	  -7.285313000000000	  -6.409135000000000	  -1.304909000000000	   6.494473000000000	   6.537185000000000	   0.377820000000000
   0.581557000000000	   1.275089000000000	   0.952548000000000	  -1.794120000000000	  -0.418769000000000	   0.726701000000000	   0.377820000000000	   0.643685000000000	   1.133804000000000	   1.033662000000000	  -1.656924000000000	  -0.299697000000000	   0.900181000000000	   0.228168000000000	   5.770780000000000	  -7.202490000000000	   3.258873000000000	  -7.656250000000000	   6.020094000000000	  -4.505372000000000	   6.387478000000000	  -5.986819000000000	  -6.823443000000000	  -5.845529000000000	  -7.903382000000000	   7.025072000000000	   0.298485000000000
   0.494087000000000	   1.351700000000000	   0.879203000000000	  -1.757670000000000	  -0.532520000000000	   0.852647000000000	   0.298485000000000	   0.581557000000000	   1.275089000000000	   0.952548000000000	  -1.794120000000000	  -0.418769000000000	   0.726701000000000	   0.377820000000000	   8.600000000000000	  -8.520961000000000	   6.463508000000000	   8.600000000000000	  -8.600000000000000	   7.055354000000000	   5.770780000000000	  -7.202490000000000	   3.258873000000000	  -7.656250000000000	   6.020094000000000	  -4.505372000000000	   0.369904000000000
   0.454333000000000	   1.498108000000000	   0.717979000000000	  -1.591926000000000	  -0.462531000000000	   0.660058000000000	   0.369904000000000	   0.494087000000000	   1.351700000000000	   0.879203000000000	  -1.757670000000000	  -0.532520000000000	   0.852647000000000	   0.298485000000000	   7.828362000000000	  -8.600000000000000	  -1.691156000000000	   5.122359000000000	  -8.445529000000001	   7.997497000000000	   8.600000000000000	  -8.520961000000000	   6.463508000000000	   8.600000000000000	  -8.600000000000000	   7.055354000000000	   0.534308000000000
   0.425384000000000	   1.679760000000000	   0.528980000000000	  -1.599626000000000	  -0.368945000000000	   0.474251000000000	   0.534308000000000	   0.454333000000000	   1.498108000000000	   0.717979000000000	  -1.591926000000000	  -0.462531000000000	   0.660058000000000	   0.369904000000000	   7.873340000000000	  -7.013363000000000	  -1.963636000000000	  -8.114015000000000	  -8.600000000000000	  -3.574190000000000	   7.828362000000000	  -8.600000000000000	  -1.691156000000000	   5.122359000000000	  -8.445529000000001	   7.997497000000000	   0.485311000000000
   0.351446000000000	   1.839104000000000	   0.441729000000000	  -1.650870000000000	  -0.481778000000000	   0.280957000000000	   0.485311000000000	   0.425384000000000	   1.679760000000000	   0.528980000000000	  -1.599626000000000	  -0.368945000000000	   0.474251000000000	   0.534308000000000	   2.104016000000000	  -6.279738000000000	   8.600000000000000	   7.297130000000000	  -7.570234000000000	   7.803054000000000	   7.873340000000000	  -7.013363000000000	  -1.963636000000000	  -8.114015000000000	  -8.600000000000000	  -3.574190000000000	   0.601205000000000
   0.297972000000000	   1.874145000000000	   0.242984000000000	  -1.462892000000000	  -0.437236000000000	   0.110545000000000	   0.601205000000000	   0.351446000000000	   1.839104000000000	   0.441729000000000	  -1.650870000000000	  -0.481778000000000	   0.280957000000000	   0.485311000000000	  -8.243783000000001	  -4.335110000000000	   8.550109000000001	   4.038928000000000	  -8.196325000000000	  -6.193672000000000	   2.104016000000000	  -6.279738000000000	   8.600000000000000	   7.297130000000000	  -7.570234000000000	   7.803054000000000	   0.492563000000000
   0.266810000000000	   1.777283000000000	   0.093206000000000	  -1.232592000000000	  -0.363413000000000	  -0.065409000000000	   0.492563000000000	   0.297972000000000	   1.874145000000000	   0.242984000000000	  -1.462892000000000	  -0.437236000000000	   0.110545000000000	   0.601205000000000	  -6.379366000000000	  -4.850795000000000	   8.600000000000000	  -7.897716000000000	   7.305697000000000	  -4.727657000000000	  -8.243783000000001	  -4.335110000000000	   8.550109000000001	   4.038928000000000	  -8.196325000000000	  -6.193672000000000	   0.478603000000000
   0.240000000000000	   1.598181000000000	   0.037199000000000	  -1.048570000000000	  -0.487086000000000	   0.094542000000000	   0.478603000000000	   0.266810000000000	   1.777283000000000	   0.093206000000000	  -1.232592000000000	  -0.363413000000000	  -0.065409000000000	   0.492563000000000	   1.763553000000000	   1.014065000000000	   8.600000000000000	   1.849971000000000	   8.263666000000001	   8.600000000000000	  -6.379366000000000	  -4.850795000000000	   8.600000000000000	  -7.897716000000000	   7.305697000000000	  -4.727657000000000	   0.663305000000000
   0.278686000000000	   1.574123000000000	   0.034525000000000	  -0.875894000000000	  -0.468531000000000	   0.274503000000000	   0.663305000000000	   0.240000000000000	   1.598181000000000	   0.037199000000000	  -1.048570000000000	  -0.487086000000000	   0.094542000000000	   0.478603000000000	   2.784253000000000	   8.600000000000000	  -5.399200000000000	   8.600000000000000	  -6.875124000000000	   5.761194000000000	   1.763553000000000	   1.014065000000000	   8.600000000000000	   1.849971000000000	   8.263666000000001	   8.600000000000000	   0.772302000000000
   0.398831000000000	   1.703543000000000	   0.052845000000000	  -0.937780000000000	  -0.411021000000000	   0.131689000000000	   0.772302000000000	   0.278686000000000	   1.574123000000000	   0.034525000000000	  -0.875894000000000	  -0.468531000000000	   0.274503000000000	   0.663305000000000	  -7.172344000000000	   8.600000000000000	   8.600000000000000	  -8.295779000000000	  -6.348888000000000	  -7.136950000000000	   2.784253000000000	   8.600000000000000	  -5.399200000000000	   8.600000000000000	  -6.875124000000000	   5.761194000000000	   0.707589000000000
   0.566189000000000	   1.595984000000000	   0.244671000000000	  -0.726305000000000	  -0.565917000000000	  -0.007564000000000	   0.707589000000000	   0.398831000000000	   1.703543000000000	   0.052845000000000	  -0.937780000000000	  -0.411021000000000	   0.131689000000000	   0.772302000000000	  -8.175129999999999	  -2.829591000000000	   8.600000000000000	  -7.373563000000000	  -8.240983999999999	  -7.766776000000000	  -7.172344000000000	   8.600000000000000	   8.600000000000000	  -8.295779000000000	  -6.348888000000000	  -7.136950000000000	   0.585043000000000
   0.665132000000000	   1.457056000000000	   0.317448000000000	  -0.592581000000000	  -0.662312000000000	  -0.201666000000000	   0.585043000000000	   0.566189000000000	   1.595984000000000	   0.244671000000000	  -0.726305000000000	  -0.565917000000000	  -0.007564000000000	   0.707589000000000	  -6.702017000000000	   8.600000000000000	   8.600000000000000	  -7.116030000000000	   3.596217000000000	  -5.938144000000000	  -8.175129999999999	  -2.829591000000000	   8.600000000000000	  -7.373563000000000	  -8.240983999999999	  -7.766776000000000	   0.452718000000000
   0.801663000000000	   1.407622000000000	   0.517005000000000	  -0.417303000000000	  -0.808081000000000	  -0.190979000000000	   0.452718000000000	   0.665132000000000	   1.457056000000000	   0.317448000000000	  -0.592581000000000	  -0.662312000000000	  -0.201666000000000	   0.585043000000000	  -6.277128000000000	   8.600000000000000	  -4.847929000000000	  -7.362521000000000	   0.415218000000000	  -5.850192000000000	  -6.702017000000000	   8.600000000000000	   8.600000000000000	  -7.116030000000000	   3.596217000000000	  -5.938144000000000	   0.320533000000000
   0.886715000000000	   1.391512000000000	   0.683315000000000	  -0.421852000000000	  -0.979379000000000	  -0.085268000000000	   0.320533000000000	   0.801663000000000	   1.407622000000000	   0.517005000000000	  -0.417303000000000	  -0.808081000000000	  -0.190979000000000	   0.452718000000000	  -8.600000000000000	   8.600000000000000	  -7.938690000000000	  -8.600000000000000	  -8.276564000000001	  -5.605254000000000	  -6.277128000000000	   8.600000000000000	  -4.847929000000000	  -7.362521000000000	   0.415218000000000	  -5.850192000000000	   0.195092000000000
   0.941496000000000	   1.358957000000000	   0.875164000000000	  -0.414680000000000	  -1.168154000000000	  -0.005105000000000	   0.195092000000000	   0.886715000000000	   1.391512000000000	   0.683315000000000	  -0.421852000000000	  -0.979379000000000	  -0.085268000000000	   0.320533000000000	  -8.600000000000000	   8.600000000000000	  -7.262395000000000	  -7.125496000000000	  -7.766210000000000	   0.191823000000000	  -8.600000000000000	   8.600000000000000	  -7.938690000000000	  -8.600000000000000	  -8.276564000000001	  -5.605254000000000	   0.197587000000000
   0.962531000000000	   1.318195000000000	   1.061915000000000	  -0.411911000000000	  -1.327577000000000	   0.053925000000000	   0.197587000000000	   0.941496000000000	   1.358957000000000	   0.875164000000000	  -0.414680000000000	  -1.168154000000000	  -0.005105000000000	   0.195092000000000	  -8.600000000000000	   3.037633000000000	  -8.600000000000000	  -7.390328000000000	  -4.072481000000000	   8.600000000000000	  -8.600000000000000	   8.600000000000000	  -7.262395000000000	  -7.125496000000000	  -7.766210000000000	   0.191823000000000	   0.390939000000000
   0.928312000000000	   1.260342000000000	   1.161986000000000	  -0.478362000000000	  -1.471960000000000	   0.144009000000000	   0.390939000000000	   0.962531000000000	   1.318195000000000	   1.061915000000000	  -0.411911000000000	  -1.327577000000000	   0.053925000000000	   0.197587000000000	  -7.351885000000000	   7.365633000000000	  -6.239899000000000	  -6.689983000000000	   6.746300000000000	   2.710422000000000	  -8.600000000000000	   3.037633000000000	  -8.600000000000000	  -7.390328000000000	  -4.072481000000000	   8.600000000000000	   0.449933000000000
   0.866428000000000	   1.200023000000000	   1.281962000000000	  -0.604655000000000	  -1.623792000000000	   0.268736000000000	   0.449933000000000	   0.928312000000000	   1.260342000000000	   1.161986000000000	  -0.478362000000000	  -1.471960000000000	   0.144009000000000	   0.390939000000000	  -7.459024000000000	   7.728835000000000	  -5.203886000000000	  -4.274198000000000	  -2.323490000000000	  -4.118964000000000	  -7.351885000000000	   7.365633000000000	  -6.239899000000000	  -6.689983000000000	   6.746300000000000	   2.710422000000000	   0.359090000000000
   0.814138000000000	   1.114244000000000	   1.450027000000000	  -0.657969000000000	  -1.706097000000000	   0.355540000000000	   0.359090000000000	   0.866428000000000	   1.200023000000000	   1.281962000000000	  -0.604655000000000	  -1.623792000000000	   0.268736000000000	   0.449933000000000	  -8.558903000000001	   8.600000000000000	  -3.137672000000000	  -0.672472000000000	  -7.541439000000000	   0.500870000000000	  -7.459024000000000	   7.728835000000000	  -5.203886000000000	  -4.274198000000000	  -2.323490000000000	  -4.118964000000000	   0.369006000000000
   0.778878000000000	   1.022046000000000	   1.629363000000000	  -0.630471000000000	  -1.711531000000000	   0.384979000000000	   0.369006000000000	   0.814138000000000	   1.114244000000000	   1.450027000000000	  -0.657969000000000	  -1.706097000000000	   0.355540000000000	   0.359090000000000	  -8.600000000000000	   7.978574000000000	   3.707637000000000	  -3.157233000000000	   1.309861000000000	   3.180127000000000	  -8.558903000000001	   8.600000000000000	  -3.137672000000000	  -0.672472000000000	  -7.541439000000000	   0.500870000000000	   0.441099000000000
   0.732170000000000	   0.891796000000000	   1.792913000000000	  -0.568519000000000	  -1.761249000000000	   0.406570000000000	   0.441099000000000	   0.778878000000000	   1.022046000000000	   1.629363000000000	  -0.630471000000000	  -1.711531000000000	   0.384979000000000	   0.369006000000000	  -8.600000000000000	   6.039290000000000	   3.870006000000000	  -0.679651000000000	   2.834266000000000	   7.967260000000000	  -8.600000000000000	   7.978574000000000	   3.707637000000000	  -3.157233000000000	   1.309861000000000	   3.180127000000000	   0.617142000000000
   0.679548000000000	   0.733662000000000	   1.911018000000000	  -0.503038000000000	  -1.775508000000000	   0.446600000000000	   0.617142000000000	   0.732170000000000	   0.891796000000000	   1.792913000000000	  -0.568519000000000	  -1.761249000000000	   0.406570000000000	   0.441099000000000	  -8.600000000000000	   4.649556000000000	   1.953261000000000	   2.952632000000000	  -1.862975000000000	   1.006780000000000	  -8.600000000000000	   6.039290000000000	   3.870006000000000	  -0.679651000000000	   2.834266000000000	   7.967260000000000	   0.639946000000000
   0.639501000000000	   0.576653000000000	   2.005310000000000	  -0.423641000000000	  -1.705427000000000	   0.484166000000000	   0.639946000000000	   0.679548000000000	   0.733662000000000	   1.911018000000000	  -0.503038000000000	  -1.775508000000000	   0.446600000000000	   0.617142000000000	  -8.600000000000000	   5.144345000000000	   3.719968000000000	   4.619835000000000	  -6.389283000000000	   4.662331000000000	  -8.600000000000000	   4.649556000000000	   1.953261000000000	   2.952632000000000	  -1.862975000000000	   1.006780000000000	   0.741945000000000
   0.629975000000000	   0.426207000000000	   2.097135000000000	  -0.273987000000000	  -1.597872000000000	   0.475432000000000	   0.741945000000000	   0.639501000000000	   0.576653000000000	   2.005310000000000	  -0.423641000000000	  -1.705427000000000	   0.484166000000000	   0.639946000000000	  -8.600000000000000	  -5.255840000000000	   0.466099000000000	   5.397513000000000	  -3.662387000000000	  -0.751865000000000	  -8.600000000000000	   5.144345000000000	   3.719968000000000	   4.619835000000000	  -6.389283000000000	   4.662331000000000	   0.730507000000000
   0.587090000000000	   0.275457000000000	   2.033070000000000	  -0.212055000000000	  -1.456259000000000	   0.467793000000000	   0.730507000000000	   0.629975000000000	   0.426207000000000	   2.097135000000000	  -0.273987000000000	  -1.597872000000000	   0.475432000000000	   0.741945000000000	  -8.600000000000000	  -3.182594000000000	  -6.974639000000000	   7.889655000000000	  -8.412126000000001	  -0.573626000000000	  -8.600000000000000	  -5.255840000000000	   0.466099000000000	   5.397513000000000	  -3.662387000000000	  -0.751865000000000	   0.714409000000000
   0.536324000000000	   0.182294000000000	   1.904122000000000	  -0.271598000000000	  -1.296172000000000	   0.404043000000000	   0.714409000000000	   0.587090000000000	   0.275457000000000	   2.033070000000000	  -0.212055000000000	  -1.456259000000000	   0.467793000000000	   0.730507000000000	  -5.525377000000000	  -1.153749000000000	  -6.030976000000000	   8.600000000000000	  -4.705933000000000	  -3.131474000000000	  -8.600000000000000	  -3.182594000000000	  -6.974639000000000	   7.889655000000000	  -8.412126000000001	  -0.573626000000000	   0.641196000000000
   0.482832000000000	   0.102136000000000	   1.822696000000000	  -0.375508000000000	  -1.123780000000000	   0.339634000000000	   0.641196000000000	   0.536324000000000	   0.182294000000000	   1.904122000000000	  -0.271598000000000	  -1.296172000000000	   0.404043000000000	   0.714409000000000	  -4.364920000000000	   2.768072000000000	   2.200101000000000	   8.600000000000000	  -2.254971000000000	  -5.379834000000000	  -5.525377000000000	  -1.153749000000000	  -6.030976000000000	   8.600000000000000	  -4.705933000000000	  -3.131474000000000	   0.518215000000000
   0.471465000000000	  -0.015495000000000	   1.837147000000000	  -0.347518000000000	  -0.943513000000000	   0.305772000000000	   0.518215000000000	   0.482832000000000	   0.102136000000000	   1.822696000000000	  -0.375508000000000	  -1.123780000000000	   0.339634000000000	   0.641196000000000	   5.223107000000000	  -6.022179000000000	   5.024176000000000	   5.996801000000000	   7.035408000000000	  -4.575228000000000	  -4.364920000000000	   2.768072000000000	   2.200101000000000	   8.600000000000000	  -2.254971000000000	  -5.379834000000000	   0.423320000000000
   0.524270000000000	  -0.038863000000000	   1.815814000000000	  -0.319552000000000	  -0.753588000000000	   0.437199000000000	   0.423320000000000	   0.471465000000000	  -0.015495000000000	   1.837147000000000	  -0.347518000000000	  -0.943513000000000	   0.305772000000000	   0.518215000000000	   8.600000000000000	  -8.600000000000000	  -8.600000000000000	   8.600000000000000	  -1.807023000000000	   7.881739000000000	   5.223107000000000	  -6.022179000000000	   5.024176000000000	   5.996801000000000	   7.035408000000000	  -4.575228000000000	   0.599768000000000
   0.622671000000000	   0.102900000000000	   1.672658000000000	  -0.525416000000000	  -0.537768000000000	   0.423644000000000	   0.599768000000000	   0.524270000000000	  -0.038863000000000	   1.815814000000000	  -0.319552000000000	  -0.753588000000000	   0.437199000000000	   0.423320000000000	   7.290448000000000	  -8.600000000000000	  -8.160786999999999	   5.319389000000000	  -1.365474000000000	  -6.429574000000000	   8.600000000000000	  -8.600000000000000	  -8.600000000000000	   8.600000000000000	  -1.807023000000000	   7.881739000000000	   0.457246000000000
   0.763016000000000	   0.303398000000000	   1.643999000000000	  -0.705255000000000	  -0.395708000000000	   0.388809000000000	   0.457246000000000	   0.622671000000000	   0.102900000000000	   1.672658000000000	  -0.525416000000000	  -0.537768000000000	   0.423644000000000	   0.599768000000000	   6.961555000000000	  -7.348107000000000	  -8.600000000000000	  -4.372687000000000	  -3.307780000000000	  -7.880086000000000	   7.290448000000000	  -8.600000000000000	  -8.160786999999999	   5.319389000000000	  -1.365474000000000	  -6.429574000000000	   0.311701000000000
   0.845199000000000	   0.456285000000000	   1.714488000000000	  -0.889156000000000	  -0.378042000000000	   0.315654000000000	   0.311701000000000	   0.763016000000000	   0.303398000000000	   1.643999000000000	  -0.705255000000000	  -0.395708000000000	   0.388809000000000	   0.457246000000000	   5.587969000000000	  -6.791839000000000	  -7.493457000000000	  -5.522083000000000	   3.683467000000000	  -8.600000000000000	   6.961555000000000	  -7.348107000000000	  -8.600000000000000	  -4.372687000000000	  -3.307780000000000	  -7.880086000000000	   0.132644000000000
   0.845574000000000	   0.549469000000000	   1.741007000000000	  -1.066436000000000	  -0.420379000000000	   0.394379000000000	   0.132644000000000	   0.845199000000000	   0.456285000000000	   1.714488000000000	  -0.889156000000000	  -0.378042000000000	   0.315654000000000	   0.311701000000000	   4.178364000000000	  -6.994933000000000	  -6.012678000000000	   4.196417000000000	   6.523283000000000	  -6.509299000000000	   5.587969000000000	  -6.791839000000000	  -7.493457000000000	  -5.522083000000000	   3.683467000000000	  -8.600000000000000	  -0.051087000000000
   0.833665000000000	   0.661457000000000	   1.678895000000000	  -1.191524000000000	  -0.331809000000000	   0.539528000000000	  -0.051087000000000	   0.845574000000000	   0.549469000000000	   1.741007000000000	  -1.066436000000000	  -0.420379000000000	   0.394379000000000	   0.132644000000000	  -4.251006000000000	  -7.460172000000000	  -3.163381000000000	  -0.733495000000000	   8.107148000000001	   4.649380000000000	   4.178364000000000	  -6.994933000000000	  -6.012678000000000	   4.196417000000000	   6.523283000000000	  -6.509299000000000	  -0.015282000000000
   0.788713000000000	   0.652127000000000	   1.614632000000000	  -1.225287000000000	  -0.365435000000000	   0.724744000000000	  -0.015282000000000	   0.833665000000000	   0.661457000000000	   1.678895000000000	  -1.191524000000000	  -0.331809000000000	   0.539528000000000	  -0.051087000000000	   4.543221000000000	  -4.297534000000000	   0.682459000000000	   4.108771000000000	  -4.238471000000000	   3.732504000000000	  -4.251006000000000	  -7.460172000000000	  -3.163381000000000	  -0.733495000000000	   8.107148000000001	   4.649380000000000	   0.050444000000000
   0.781171000000000	   0.727283000000000	   1.530592000000000	  -1.221363000000000	  -0.286136000000000	   0.629282000000000	   0.050444000000000	   0.788713000000000	   0.652127000000000	   1.614632000000000	  -1.225287000000000	  -0.365435000000000	   0.724744000000000	  -0.015282000000000	  -8.023937999999999	  -6.722066000000000	   2.730924000000000	  -8.032514000000001	   6.687194000000000	   6.513607000000000	   4.543221000000000	  -4.297534000000000	   0.682459000000000	   4.108771000000000	  -4.238471000000000	   3.732504000000000	   0.175768000000000
   0.712031000000000	   0.615823000000000	   1.502223000000000	  -1.130181000000000	  -0.431004000000000	   0.780864000000000	   0.175768000000000	   0.781171000000000	   0.727283000000000	   1.530592000000000	  -1.221363000000000	  -0.286136000000000	   0.629282000000000	   0.050444000000000	  -0.383601000000000	   7.092068000000000	   6.316984000000000	  -5.378904000000000	  -6.379945000000000	   6.232635000000000	  -8.023937999999999	  -6.722066000000000	   2.730924000000000	  -8.032514000000001	   6.687194000000000	   6.513607000000000	   0.313972000000000
   0.685822000000000	   0.587759000000000	   1.562707000000000	  -1.004349000000000	  -0.584149000000000	   0.638580000000000	   0.313972000000000	   0.712031000000000	   0.615823000000000	   1.502223000000000	  -1.130181000000000	  -0.431004000000000	   0.780864000000000	   0.175768000000000	  -8.600000000000000	   8.102066000000001	   6.687174000000000	  -7.737743000000000	   7.551324000000000	   7.468388000000000	  -0.383601000000000	   7.092068000000000	   6.316984000000000	  -5.378904000000000	  -6.379945000000000	   6.232635000000000	   0.478357000000000
   0.668795000000000	   0.445578000000000	   1.697295000000000	  -0.859196000000000	  -0.770696000000000	   0.857123000000000	   0.478357000000000	   0.685822000000000	   0.587759000000000	   1.562707000000000	  -1.004349000000000	  -0.584149000000000	   0.638580000000000	   0.313972000000000	  -6.499510000000000	  -0.152081000000000	   4.653782000000000	  -4.627126000000000	  -6.641358000000000	  -4.375819000000000	  -8.600000000000000	   8.102066000000001	   6.687174000000000	  -7.737743000000000	   7.551324000000000	   7.468388000000000	   0.385300000000000
   0.658346000000000	   0.333659000000000	   1.718843000000000	  -0.752291000000000	  -0.853195000000000	   0.876899000000000	   0.385300000000000	   0.668795000000000	   0.445578000000000	   1.697295000000000	  -0.859196000000000	  -0.770696000000000	   0.857123000000000	   0.478357000000000	   3.847674000000000	  -7.424187000000000	  -8.600000000000000	   6.223414000000000	  -6.773277000000000	   3.844964000000000	  -6.499510000000000	  -0.152081000000000	   4.653782000000000	  -4.627126000000000	  -6.641358000000000	  -4.375819000000000	   0.426154000000000
