3
1000
0.000000000	0.000000000	-0.829779953	-1.305041490
0.000000000	-1.305041490	-4.076614052	-7.362548673
-0.065252074	-7.362548673	-1.032325258	-7.676832257
-0.433379508	-7.676832257	1.852195004	-1.185467586
-0.817221121	-1.185467586	-4.726124068	-3.668670559
-0.876494500	-3.668670559	0.586898284	2.674935159
-1.059928028	2.674935159	3.007445687	12.438335781
-0.926181270	12.438335781	1.923226157	19.159610595
-0.304264481	19.159610595	-4.149557886	12.570143478
0.653716049	12.570143478	3.781425034	13.311287866
1.282223222	13.311287866	4.578895302	13.026047359
1.947787616	13.026047359	-1.844843690	2.845816489
2.599089984	2.845816489	-4.817117227	-8.483839575
2.741380808	-8.483839575	2.481656544	-6.043927545
2.317188829	-6.043927545	-3.967739934	-16.142566999
2.014992452	-16.142566999	-2.063858516	-23.407310969
1.207864102	-23.407310969	-4.806330421	-34.535121617
0.037498554	-34.535121617	-2.344533406	-35.124317088
-1.689257527	-35.124317088	0.741176055	-24.298182914
-3.445473382	-24.298182914	1.997583600	-20.629964890
-4.660382527	-20.629964890	1.944001577	-21.793239075
-5.691880772	-21.793239075	0.358964059	-22.558016378
-6.781542725	-22.558016378	4.445947560	-10.285706863
-7.909443544	-10.285706863	-3.625252959	-8.520553605
-8.423728888	-8.520553605	-1.023231630	-3.809517920
-8.849756568	-3.809517920	-1.522341403	-2.189665662
-9.040232464	-2.189665662	3.833060912	6.641867235
-9.149715747	6.641867235	-1.511016580	5.148342622
-8.817622385	5.148342622	-0.719088101	6.922587907
-8.560205254	6.922587907	4.494892587	17.939989174
-8.214075859	17.939989174	-0.918631972	20.560630943
-7.317076400	20.560630943	0.736794867	25.066095264
-6.289044853	25.066095264	-1.733550982	19.891097842
-5.035740090	19.891097842	-1.427302400	9.635483596
-4.041185198	9.635483596	-4.841787572	-4.027348657
-3.559411018	-4.027348657	4.973228505	1.829374996
-3.760778451	1.829374996	4.325954630	4.565867399
-3.669309701	4.565867399	2.554630526	4.756213103
-3.441016331	4.756213103	2.115247586	5.556091848
-3.203205676	5.556091848	-4.737890131	-3.019772127
-2.925401083	-3.019772127	3.600279487	4.505464519
-3.076389690	4.505464519	3.420308924	9.655247861
-2.851116464	9.655247861	0.857592715	11.710145174
-2.368354071	11.710145174	-4.813527106	7.264264100
-1.782846812	7.264264100	3.071051956	17.381050435
-1.419633607	17.381050435	2.471216427	25.716345106
-0.550581085	25.716345106	-4.400823105	19.555903410
0.735236170	19.555903410	-3.925058709	7.154379790
1.713031341	7.154379790	0.597169821	0.961770927
2.070750330	0.961770927	4.672763300	2.443964837
2.118838876	2.443964837	-2.476742554	-7.299259509
2.241037118	-7.299259509	0.813589273	-10.078289225
1.876074143	-10.078289225	-2.601522409	-19.053599999
1.372159682	-19.053599999	3.289808996	-18.125988349
0.419479682	-18.125988349	-4.299778563	-25.598276876
-0.486819736	-25.598276876	0.688514371	-19.026975807
-1.766733580	-19.026975807	0.797452192	-9.632984443
-2.718082370	-9.632984443	2.453344309	-2.077384237
-3.199731592	-2.077384237	-4.336651656	-8.841630796
-3.303600804	-8.841630796	-2.898259901	-13.388697164
-3.745682344	-13.388697164	-2.396849014	-19.308407277
-4.415117202	-19.308407277	1.394608809	-21.185773937
-5.380537566	-21.185773937	-2.367032295	-27.729619264
-6.439826263	-27.729619264	2.721780295	-19.738988826
-7.826307226	-19.738988826	-4.860484270	-19.061228342
-8.813256667	-19.061228342	4.490163207	-6.425824919
-9.766318084	-6.425824919	4.156063498	-1.191725552
-10.087609330	-1.191725552	-0.140093329	-4.955297479
-10.147195608	-4.955297479	4.261814267	-1.747744439
-10.394960482	-1.747744439	4.632625284	0.720633110
-10.482347704	0.720633110	-3.649208420	-10.823293707
-10.446316048	-10.823293707	4.479702112	-7.957668176
-10.987480734	-7.957668176	-3.238037444	-18.416160191
-11.385364142	-18.416160191	3.094906921	-17.502642209
-12.306172152	-17.502642209	0.820141799	-16.030852833
-13.181304262	-16.030852833	4.053923187	-4.335768254
-13.982846904	-4.335768254	2.986035912	7.228220680
-14.199635317	7.228220680	0.991103076	14.206155653
-13.838224283	14.206155653	-0.663236510	17.688402984
-13.127916500	17.688402984	3.928887085	25.407558434
-12.243496351	25.407558434	2.879292338	25.415493987
-10.973118429	25.415493987	-0.798063200	15.328166890
-9.702343730	15.328166890	-4.995979751	4.127799961
-8.935935385	4.127799961	4.737835384	13.938448704
-8.729545387	13.938448704	0.747115047	17.672506856
-8.032622952	17.672506856	0.868333407	23.432218637
-7.148997609	23.432218637	2.550821885	29.916110344
-5.977386677	29.916110344	-1.773190032	22.304952673
-4.481581160	22.304952673	-1.178972480	12.063505599
-3.366333527	12.063505599	-1.826160540	6.464536821
-2.763158247	6.464536821	4.738020779	15.433295111
-2.439931406	15.433295111	-0.732989907	16.736510195
-1.668266650	16.736510195	3.799982886	27.261501079
-0.831441140	27.261501079	-2.297917380	25.632482086
0.531633914	25.632482086	0.277146463	20.329714691
1.813258018	20.329714691	2.331425253	15.803718694
2.829743752	15.803718694	0.688579907	13.293902127
3.619929687	13.293902127	-4.317906516	7.981056849
4.284624794	7.981056849	4.828171137	20.369372814
4.683677636	20.369372814	3.749616450	30.516633747
5.702146277	30.516633747	-3.390285632	25.677306772
7.227977964	25.677306772	-2.749600422	13.693439827
8.511843303	13.693439827	4.163055535	13.777025769
9.196515294	13.777025769	-3.891086993	4.755037176
9.885366582	4.755037176	2.285856680	10.494317974
10.123118441	10.494317974	3.516718749	18.908307875
10.647834340	18.908307875	-2.663338608	18.725132735
11.593249734	18.725132735	-0.228590130	21.670695909
12.529506370	21.670695909	0.440101188	20.414715931
13.613041166	20.414715931	2.515278171	16.833445495
14.633776962	16.833445495	2.852960282	14.019628893
15.475449237	14.019628893	3.729223764	16.934621588
16.176430682	16.934621588	4.498059914	25.105053149
17.023161761	25.105053149	-4.012565982	22.416851363
18.278414419	22.416851363	1.102408126	25.317617454
19.399256987	25.317617454	2.702387346	23.759560448
20.665137859	23.759560448	-2.429307012	11.441951754
21.853115882	11.441951754	2.965886780	13.974031644
22.425213470	13.974031644	4.904717836	22.854072233
23.123915052	22.854072233	4.013084363	32.599030576
24.266618663	32.599030576	1.366044000	36.398493264
25.896570192	36.398493264	-1.442948290	26.257608384
27.716494855	26.257608384	2.456371927	24.184581400
29.029375275	24.184581400	3.623462528	31.805986746
30.238604345	31.805986746	-3.113631990	29.652967078
31.828903682	29.652967078	4.897517077	31.923336428
33.311552036	31.923336428	-2.378269162	19.095674075
34.907718857	19.095674075	-4.430705616	12.344510201
35.862502561	12.344510201	2.986042448	21.791496863
36.479728071	21.791496863	0.934324495	26.999978777
37.569302914	26.999978777	2.498583107	29.088282246
38.919301853	29.088282246	4.594343211	27.535114256
40.373715965	27.535114256	2.093872512	25.277371633
41.750471678	25.277371633	-2.785672657	23.377957673
43.014340260	23.377957673	-0.713811713	25.124566482
44.183238143	25.124566482	3.029632374	26.137844527
45.439466467	26.137844527	-1.575458802	14.802205770
46.746358694	14.802205770	3.240098704	16.004718804
47.486468982	16.004718804	-4.216131001	9.941595768
48.286704923	9.941595768	-0.414161863	13.959837985
48.783784711	13.959837985	2.548614814	22.770746541
49.481776610	22.770746541	-0.475951733	24.201670792
50.620313937	24.201670792	-0.259960734	19.190121961
51.830397477	19.190121961	4.046861603	17.279659404
52.789903575	17.279659404	-3.743586189	5.949094204
53.653886545	5.949094204	0.386272826	7.329280573
53.951341255	7.329280573	2.959669419	14.360495593
54.317805284	14.360495593	-3.422699301	12.442252492
55.035830064	12.442252492	4.058094960	23.777793990
55.657942688	23.777793990	2.318004091	29.964995402
56.846832388	29.964995402	-2.501493198	21.250049814
58.345082158	21.250049814	3.126105880	17.866657061
59.407584649	17.866657061	3.190891786	19.283499689
60.300917502	19.283499689	0.336533450	21.468093244
61.265092486	21.468093244	-1.334433561	23.523371960
62.338497148	23.523371960	4.388864774	31.070386608
63.514665746	31.070386608	3.910189543	30.210176141
65.068185077	30.210176141	-1.740101882	19.557645517
66.578693884	19.557645517	1.902278682	24.152136264
67.556576160	24.152136264	-2.099031483	24.763680977
68.764182973	24.763680977	-1.885557859	21.510841134
70.002367022	21.510841134	-0.735252115	13.289829659
71.077909078	13.289829659	4.318611166	12.815287622
71.742400561	12.815287622	4.202065143	14.930501088
72.383164942	14.930501088	-2.726902637	9.862595002
73.129689997	9.862595002	1.070941620	15.265830936
73.622819747	15.265830936	-3.148696017	14.892393739
74.386111294	14.892393739	0.742190888	19.843180935
75.130730981	19.843180935	-2.711863290	15.230693134
76.122890027	15.230693134	0.190159841	9.739164446
76.884424684	9.739164446	4.967534252	10.146997769
77.371382906	10.146997769	4.759890683	10.673558553
77.878732795	10.673558553	-4.675736747	-1.753051714
78.412410723	-1.753051714	-0.482668513	-2.920597000
78.324758137	-2.920597000	-3.320167068	-8.991514868
78.178728287	-8.991514868	3.242378396	-5.080195160
77.729152543	-5.080195160	-0.231176665	-9.329217533
77.475142785	-9.329217533	-0.079281985	-13.904986091
77.008681909	-13.904986091	-0.425950839	-19.402471566
76.313432604	-19.402471566	2.582782605	-18.370206730
75.343309026	-18.370206730	-2.797657738	-20.538639658
74.424798689	-20.538639658	2.548914571	-9.227520839
73.397866707	-9.227520839	-1.874986215	-5.368733364
72.936490665	-5.368733364	2.701499563	3.569930237
72.668053996	3.569930237	0.190823222	5.839058611
72.846550508	5.839058611	1.724698447	11.304872081
73.138503439	11.304872081	4.147886867	21.453590119
73.703747043	21.453590119	3.593178061	31.211900221
74.776426549	31.211900221	1.736984239	34.586420106
76.337021560	34.586420106	0.605299905	27.102057712
78.066342565	27.102057712	3.558283673	27.149805165
79.421445451	27.149805165	-2.103972538	26.043485971
80.778935709	26.043485971	3.076984091	33.267456092
82.081110008	33.267456092	2.672845084	31.791746262
83.744482812	31.791746262	2.444731531	26.981025732
85.334070125	26.981025732	-3.010520766	22.678504465
86.683121412	22.678504465	-4.733721153	19.016454431
87.817046635	19.016454431	2.997765369	22.717008094
88.767869357	22.717008094	-2.923743382	11.298018961
89.903719761	11.298018961	0.538846111	5.001845658
90.468620709	5.001845658	-0.646940424	-0.461334606
90.718712992	-0.461334606	-0.219686920	-2.915353493
90.695646262	-2.915353493	-3.401663497	-10.287961892
90.549878587	-10.287961892	-0.957980942	-13.970431988
90.035480493	-13.970431988	-3.112549331	-22.918812555
89.336958893	-22.918812555	-2.892676079	-31.368258644
88.191018266	-31.368258644	1.382187106	-27.561603857
86.622605334	-27.561603857	2.316064712	-15.057348264
85.244525141	-15.057348264	2.821818168	-6.447068786
84.491657727	-6.447068786	-3.077499832	-12.526897894
84.169304288	-12.526897894	-4.198963562	-21.611589958
83.542959393	-21.611589958	0.306974385	-25.004858704
82.462379896	-25.004858704	-2.935459411	-31.588430476
81.212136960	-31.588430476	-2.384504482	-29.411295349
79.632715437	-29.411295349	2.875518397	-16.404307520
78.162150669	-16.404307520	-3.228388356	-22.102596683
77.341935293	-22.102596683	2.871162897	-21.249943715
76.236805459	-21.249943715	2.400775432	-20.028710078
75.174308273	-20.028710078	-2.833827917	-21.049311346
74.172872769	-21.049311346	-3.234509657	-18.067494936
73.120407202	-18.067494936	3.602369974	-5.741401174
72.217032455	-5.741401174	2.587469310	-1.170028876
71.929962396	-1.170028876	-2.219149514	-6.345323527
71.871460953	-6.345323527	0.166887829	-7.650035690
71.554194776	-7.650035690	-1.251240565	-12.775916358
71.171692992	-12.775916358	1.132112115	-15.198180870
70.532897174	-15.198180870	-4.968871422	-27.655799448
69.772988130	-27.655799448	-2.606842926	-32.900586627
68.390198158	-32.900586627	-1.979032687	-28.636573583
66.745168827	-28.636573583	-2.132883504	-24.780026283
65.313340148	-24.780026283	1.138710897	-24.402715619
64.074338833	-24.402715619	-0.558828930	-28.835034883
62.854203052	-28.835034883	-1.543011788	-28.579325469
61.412451308	-28.579325469	-0.327541761	-20.049142308
59.983485035	-20.049142308	3.773604747	-10.252853317
58.981027920	-10.252853317	-0.430342994	-13.886843327
58.468385254	-13.886843327	-0.670184930	-19.394404094
57.774043087	-19.394404094	2.667745872	-19.165666737
56.804322883	-19.165666737	3.428998402	-13.413846075
55.846039546	-13.413846075	4.427625754	-0.927890832
55.175347242	-0.927890832	3.479393924	11.058616869
55.128952700	11.058616869	0.402609404	16.707744659
55.681883544	16.707744659	3.379779620	25.102596990
56.517270777	25.102596990	-4.222854297	16.170542145
57.772400626	16.170542145	-4.910608976	0.819571832
58.580927733	0.819571832	-0.601691858	-6.093331543
58.621906325	-6.093331543	-0.221379956	-11.194102582
58.317239748	-11.194102582	3.959699670	-9.919043438
57.757534619	-9.919043438	-0.814219742	-15.980482773
57.261582447	-15.980482773	0.057420175	-18.351151785
56.462558308	-18.351151785	-2.057843118	-19.161190628
55.545000719	-19.161190628	-4.859077058	-19.519556527
54.586941188	-19.519556527	0.070799233	-11.579931218
53.610963361	-11.579931218	2.778484769	-4.655276201
53.031966800	-4.655276201	-3.202057023	-11.351105696
52.799202990	-11.351105696	-0.913627750	-15.140496589
52.231647705	-15.140496589	4.752223424	-11.900793007
51.474622876	-11.900793007	1.363061259	-14.360734114
50.879583226	-14.360734114	1.195867394	-14.594644411
50.161546520	-14.594644411	-0.670614913	-13.447800788
49.431814299	-13.447800788	1.973688756	-4.223345424
48.759424260	-4.223345424	-2.047112056	-0.523520497
48.548256989	-0.523520497	3.553564126	11.598531807
48.522080964	11.598531807	0.853484589	17.886433451
49.102007554	17.886433451	4.218683055	28.479951266
49.996329227	28.479951266	1.824537098	30.237445396
51.420326790	30.237445396	-0.832760376	20.200015548
52.932199060	20.200015548	2.797442955	19.662430685
53.942199837	19.662430685	-3.554022792	15.293282593
54.925321372	15.293282593	1.884973179	22.957161437
55.689985501	22.957161437	-2.727024591	21.153595493
56.837843573	21.153595493	-1.446920884	14.942033972
57.895523348	14.942033972	2.073166027	10.466138614
58.642625046	10.466138614	-3.300592858	-1.372663627
59.165931977	-1.372663627	3.753327264	1.728063097
59.097298796	1.728063097	-0.710676660	-3.311602726
59.183701951	-3.311602726	-1.575593589	-8.320366451
59.018121814	-8.320366451	3.003322458	-6.546793468
58.602103492	-6.546793468	-3.545343897	-16.893820820
58.274763818	-16.893820820	3.596509536	-15.725781872
57.430072777	-15.725781872	-3.752486999	-24.854165963
56.643783684	-24.854165963	4.482991741	-15.936895036
55.401075385	-15.936895036	0.656621125	-7.478018152
54.604230634	-7.478018152	0.992697557	0.872052819
54.230329726	0.872052819	0.793605403	6.437576827
54.273932367	6.437576827	4.913465087	18.166152485
54.595811208	18.166152485	-0.772473384	20.946062829
55.504118833	20.946062829	-4.520074360	17.183303737
56.551421974	17.183303737	2.035193311	18.588356146
57.410587161	18.588356146	-3.118057400	6.984869841
58.340004968	6.984869841	2.953011674	4.601840993
58.689248460	4.601840993	-4.715091505	-8.782512901
58.919340510	-8.782512901	-2.707949727	-16.418217333
58.480214865	-16.418217333	-0.302109599	-21.093839643
57.659303998	-21.093839643	2.744101333	-20.308608824
56.604612016	-20.308608824	-1.450471489	-20.884278541
55.589181575	-20.884278541	-4.564657362	-20.780098060
54.544967648	-20.780098060	0.167063598	-12.682138116
53.505962745	-12.682138116	1.309592003	-8.624203760
52.871855839	-8.624203760	-0.481637506	-11.592891003
52.440645651	-11.592891003	-0.051569158	-15.594989989
51.861001101	-15.594989989	-1.306000744	-22.328010684
51.081251601	-22.328010684	-0.229870056	-25.049879807
49.964851067	-25.049879807	0.276187723	-20.260830916
48.712357077	-20.260830916	-4.279879648	-18.621675226
47.699315531	-18.621675226	-2.088460594	-16.561285048
46.768231770	-16.561285048	-3.906170858	-23.181702898
45.940167517	-23.181702898	-3.563930021	-32.319903662
44.781082372	-32.319903662	2.969622520	-29.039219840
43.165087189	-29.039219840	-2.097020029	-24.888839917
41.713126197	-24.888839917	-1.013409401	-19.175020423
40.468684201	-19.175020423	-4.290815995	-26.262510421
39.509933180	-26.262510421	-3.862036436	-35.879433592
38.196807659	-35.879433592	-1.789736858	-38.254339020
36.402835980	-38.254339020	3.344865140	-23.244712610
34.490119029	-23.244712610	-4.602712933	-28.586926050
33.327883398	-28.586926050	-1.508325870	-34.110550973
31.898537096	-34.110550973	0.396491101	-33.121664041
30.193009547	-33.121664041	3.770343893	-18.045164059
28.536926345	-18.045164059	-1.716386099	-17.249131095
27.634668142	-17.249131095	1.714291711	-16.539356342
26.772211587	-16.539356342	3.701917462	-15.298466926
25.945243770	-15.298466926	0.715420927	-17.150061353
25.180320424	-17.150061353	3.741259356	-9.790980251
24.322817356	-9.790980251	-2.161981651	-7.501096531
23.833268344	-7.501096531	0.546673108	0.354301948
23.458213517	0.354301948	1.687966059	9.023241055
23.475928615	9.023241055	-1.741900334	11.530768289
23.927090667	11.530768289	2.626320954	20.290392670
24.503629082	20.290392670	-4.585249204	14.738783416
25.518148715	14.738783416	1.938554114	13.853796250
26.255087886	13.853796250	2.677889777	10.893483056
26.947777699	10.893483056	-3.652068820	-2.193881677
27.492451851	-2.193881677	-4.476870536	-13.252119793
27.382757767	-13.252119793	1.174610120	-14.893902088
26.720151778	-14.893902088	-0.459409439	-20.359392513
25.975456673	-20.359392513	1.562015477	-20.554628922
24.957487048	-20.554628922	-4.490876165	-24.435438545
23.929755602	-24.435438545	-0.783421140	-17.344218122
22.707983674	-17.344218122	-0.268880471	-11.824065024
21.840772768	-11.824065024	3.414221568	-6.103005775
21.249569517	-6.103005775	-2.605889559	-13.683750783
20.944419228	-13.683750783	1.139340024	-15.896451709
20.260231689	-15.896451709	3.978507177	-14.212312388
19.465409104	-14.212312388	4.408279632	-9.416237889
18.754793484	-9.416237889	3.704248568	-1.911004894
18.283981590	-1.911004894	2.323748992	5.537267290
18.188431345	5.537267290	3.146191813	13.630366829
18.465294710	13.630366829	3.424458100	19.924545359
19.146813051	19.924545359	-2.517092710	12.091249992
20.143040319	12.091249992	-0.783340652	3.462107131
20.747602819	3.462107131	-2.966191672	-7.732127873
20.920708175	-7.732127873	-0.132492552	-12.552422789
20.534101782	-12.552422789	1.248212942	-15.502337113
19.906480642	-15.502337113	3.837555082	-13.340205593
19.131363787	-13.340205593	-2.729988348	-17.956826054
18.464353507	-17.956826054	-3.685843395	-19.532416514
17.566512204	-19.532416514	1.021836539	-9.879035674
16.589891379	-9.879035674	0.956250981	-2.375521654
16.095939595	-2.375521654	-4.408227928	-6.468778086
15.977163512	-6.468778086	0.346790572	-3.426087079
15.653724608	-3.426087079	-4.926810307	-10.972921831
15.482420254	-10.972921831	0.883673329	-9.774499847
14.933774162	-9.774499847	3.225781525	-8.003692331
14.445049170	-8.003692331	-3.770452284	-18.998586578
14.044864553	-18.998586578	-3.732642909	-29.217835712
13.094935225	-29.217835712	-2.998178836	-34.260795462
11.634043439	-34.260795462	-1.966543283	-28.970801370
9.921003666	-28.970801370	0.820299763	-21.837311115
8.472463597	-21.837311115	0.071194235	-24.676149213
7.380598042	-24.676149213	-2.358623558	-31.557310792
6.146790581	-31.557310792	-2.555520006	-31.649733938
4.568925041	-31.649733938	-4.280527798	-29.053835948
2.986438345	-29.053835948	3.061631630	-22.371507814
1.533746547	-22.371507814	-0.183037170	-26.728071194
0.415171156	-26.728071194	-0.512627412	-27.447542374
-0.921232403	-27.447542374	1.971485288	-16.617269136
-2.293609522	-16.617269136	2.608024563	-6.050533394
-3.124472979	-6.050533394	-2.662313074	-9.349846363
-3.426999649	-9.349846363	-1.794353460	-12.874733628
-3.894491967	-12.874733628	2.600017523	-11.712837433
-4.538228648	-11.712837433	-3.849649879	-22.701027512
-5.123870520	-22.701027512	3.207464986	-21.172659661
-6.258921895	-21.172659661	-0.088900387	-19.329444108
-7.317554878	-19.329444108	-0.383979191	-12.532817264
-8.284027084	-12.532817264	2.293976983	-1.822033505
-8.910667947	-1.822033505	3.434941261	7.087061149
-9.001769622	7.087061149	1.570654246	11.277719226
-8.647416565	11.277719226	0.295466105	14.924430651
-8.083530603	14.924430651	3.709456092	25.333888202
-7.337309071	25.333888202	1.830743663	31.195925131
-6.070614661	31.195925131	3.785878632	32.782049561
-4.510818404	32.782049561	1.671187887	26.043719240
-2.871715926	26.043719240	1.353709615	27.283670204
-1.569529964	27.283670204	1.282395971	32.932928804
-0.205346454	32.932928804	-3.021672154	26.277350562
1.441299986	26.277350562	4.919450119	25.156260491
2.755167514	25.156260491	0.188042507	20.577663637
4.012980539	20.577663637	-1.296943062	21.288783172
5.041863721	21.288783172	-0.860801543	23.765337886
6.106302879	23.765337886	-3.507639677	16.991329686
7.294569774	16.991329686	0.609487551	10.834750489
8.144136258	10.834750489	-0.800064480	2.314732854
8.685873782	2.314732854	-4.777284885	-9.897627852
8.801610425	-9.897627852	1.857568992	-9.537876130
8.306729032	-9.537876130	-3.772278706	-20.058617800
7.829835226	-20.058617800	0.834063146	-23.025507734
6.826904336	-23.025507734	-2.965661756	-28.655120087
5.675628949	-28.655120087	2.002894376	-19.091474904
4.242872945	-19.091474904	-0.041736029	-11.574230731
3.288299200	-11.574230731	4.247408135	-2.695453574
2.709587663	-2.695453574	-2.455618977	-8.723621452
2.574814984	-8.723621452	-2.024252847	-14.279387424
2.138633912	-14.279387424	-3.818073707	-24.091905509
1.424664541	-24.091905509	0.905205476	-26.519604265
0.220069265	-26.519604265	1.383553207	-23.106616296
-1.105910948	-23.106616296	3.805385976	-9.165424616
-2.261241763	-9.165424616	-2.461113791	-7.106947441
-2.719512994	-7.106947441	-1.178993575	-5.498974700
-3.074860366	-5.498974700	-4.206584170	-10.963440077
-3.349809101	-10.963440077	1.150157250	-9.239870324
-3.897981105	-9.239870324	1.783769723	-9.703864263
-4.359974621	-9.703864263	-3.251034910	-19.638137147
-4.845167834	-19.638137147	4.825897893	-16.310804258
-5.827074691	-16.310804258	2.802245797	-12.985734081
-6.642614904	-12.985734081	-0.162730488	-9.617916621
-7.291901608	-9.617916621	-3.997653569	-9.460510484
-7.772797439	-9.460510484	1.043068437	-0.438345041
-8.245822964	-0.438345041	-1.070270021	3.992732598
-8.267740216	3.992732598	-1.061159921	7.512486291
-8.068103586	7.512486291	-3.638868458	7.051169691
-7.692479271	7.051169691	-2.820310699	7.980681851
-7.339920787	7.980681851	0.988208906	14.082461633
-6.940886694	14.082461633	2.005330726	19.597606125
-6.236763612	19.597606125	-3.325581425	12.079150124
-5.256883306	12.079150124	1.605983559	7.881065480
-4.652925800	7.881065480	0.028243835	0.675860215
-4.258872526	0.675860215	0.379877201	-4.702556133
-4.225079515	-4.702556133	0.367683219	-9.047035653
-4.460207322	-9.047035653	1.784824540	-11.308473271
-4.912559104	-11.308473271	-1.419200860	-18.479863130
-5.477982768	-18.479863130	0.968885249	-19.615591625
-6.401975924	-19.615591625	2.396119625	-13.101852882
-7.382755506	-13.101852882	0.182815803	-5.773653561
-8.037848150	-5.773653561	2.679628783	5.406012443
-8.326530828	5.406012443	3.009945558	15.042622304
-8.056230206	15.042622304	-4.252685550	12.955912888
-7.304099090	12.955912888	2.650051483	21.110279001
-6.656303446	21.110279001	3.960434916	27.511011999
-5.600789496	27.511011999	-4.294579553	14.068046810
-4.225238896	14.068046810	4.718200730	14.407653434
-3.521836556	14.407653434	1.851729969	13.446074425
-2.801453884	13.446074425	-1.463522129	11.808573674
-2.129150163	11.808573674	2.256425455	19.418629461
-1.538721479	19.418629461	3.846818943	29.803409405
-0.567790006	29.803409405	2.965585875	34.954039781
0.922380464	34.954039781	4.281090785	33.279771248
2.670082453	33.279771248	4.519351676	34.295901409
4.334071016	34.295901409	-1.272511979	34.851185310
6.048866086	34.851185310	1.052128951	34.609226697
7.791425352	34.609226697	-1.657235950	22.356646425
9.521886687	22.356646425	0.268518759	21.148919184
10.639719008	21.148919184	4.332023382	31.749078008
11.697164967	31.749078008	4.573949263	40.682633434
13.284618868	40.682633434	-4.424164944	25.681106994
15.318750539	25.681106994	-4.443015873	13.755600989
16.602805889	13.755600989	4.536770185	24.347761277
17.290585938	24.347761277	0.030051951	28.290324672
18.507974002	28.290324672	2.580616581	31.690218249
19.922490236	31.690218249	3.905068324	29.202118817
21.507001148	29.202118817	-3.984185241	17.139169480
22.967107089	17.139169480	-2.153760310	17.209248083
23.824065563	17.209248083	4.225044973	28.174565279
24.684527967	28.174565279	1.319949505	30.223561084
26.093256231	30.223561084	-3.400812114	16.750108506
27.604434286	16.750108506	-3.346815095	5.824649349
28.441939711	5.824649349	0.738028692	7.279725457
28.733172178	7.279725457	1.296079567	11.225936008
29.097158451	11.225936008	3.632264817	20.325310285
29.658455252	20.325310285	-2.471585179	20.584950293
30.674720766	20.584950293	-4.898275437	15.062595197
31.703968280	15.062595197	-2.216718692	8.193605582
32.457098040	8.193605582	-2.303452988	-1.852561125
32.866778319	-1.852561125	2.025230340	-4.535712727
32.774150263	-4.535712727	-1.466056530	-12.372309363
32.547364627	-12.372309363	4.370803848	-9.868185273
31.928749159	-9.868185273	-3.146194754	-16.793486890
31.435339895	-16.793486890	-2.164554864	-18.576984663
30.595665551	-18.576984663	-3.147107606	-17.003511632
29.666816317	-17.003511632	4.473759180	-1.988396006
28.816640736	-1.988396006	1.449416725	3.966712032
28.717220935	3.966712032	-3.568102183	0.469261496
28.915556537	0.469261496	-0.661601728	2.928278075
28.939019612	2.928278075	-0.348660565	5.776604164
29.085433516	5.776604164	-1.085696370	7.893929800
29.374263724	7.893929800	4.898834533	20.282946482
29.768960214	20.282946482	-2.690114407	20.294121979
30.783107538	20.294121979	4.351531155	28.816461231
31.797813637	28.816461231	4.477640661	30.682585253
33.238636698	30.682585253	-0.319504451	21.073201939
34.772765961	21.073201939	-4.852179133	12.663750498
35.826426058	12.663750498	1.744988442	20.066405346
36.459613583	20.066405346	2.802023371	28.409610391
37.462933850	28.409610391	-2.076862380	23.835787607
38.883414370	23.835787607	3.699761803	21.428515549
40.075203750	21.428515549	-3.795991231	8.922167390
41.146629527	8.922167390	4.071090552	16.190156240
41.592737897	16.190156240	-4.728411707	11.379403653
42.402245709	11.379403653	3.684881163	22.233652725
42.971215892	22.233652725	3.974982823	31.606811396
44.082898528	31.606811396	0.061311288	27.996515941
45.663239098	27.996515941	0.203136359	19.288981330
47.063064895	19.288981330	3.248585624	22.046921173
48.027513961	22.046921173	4.698705703	32.184487538
49.129860020	32.184487538	0.812353423	36.066096840
50.739084397	36.066096840	-4.164657929	23.162678272
52.542389239	23.162678272	2.651839567	20.212123638
53.700523152	20.212123638	-3.921860992	13.821052859
54.711129334	13.821052859	-0.902687389	17.018014444
55.402181977	17.018014444	1.721444097	23.718539093
56.253082699	23.718539093	4.498463889	30.268951820
57.439009654	30.268951820	-0.937115723	20.932791922
58.952457245	20.932791922	-1.855827776	11.650134068
59.999096841	11.650134068	3.786609763	18.243513686
60.581603545	18.243513686	4.410132668	28.220043959
61.493779229	28.220043959	-3.162605881	26.624114907
62.904781427	26.624114907	3.922739293	29.708032850
64.235987172	29.708032850	4.814104658	28.148137893
65.721388815	28.148137893	-3.307858153	18.608241165
67.128795709	18.608241165	-1.883860865	19.518670880
68.059207768	19.518670880	1.508312567	25.400589347
69.035141311	25.400589347	1.604577276	25.912794900
70.305170779	25.912794900	4.666124926	24.825271139
71.600810524	24.825271139	-1.889869321	15.536930969
72.842074081	15.536930969	-2.635303487	13.252019584
73.618920629	13.252019584	2.918638756	22.596622846
74.281521608	22.596622846	4.007422151	32.311992902
75.411352751	32.311992902	0.534337062	29.933872797
77.026952396	29.933872797	3.542379729	26.276675778
78.523646036	26.276675778	-1.708539982	20.893261564
79.837479825	20.893261564	0.942908536	26.347699606
80.882142903	26.347699606	-2.518885359	24.313785585
82.199527883	24.313785585	-4.334291969	11.950526847
83.415217162	11.950526847	1.254353783	6.381210424
84.012743505	6.381210424	-1.288528155	-1.031057356
84.331804026	-1.031057356	4.424988742	3.278254468
84.280251158	3.278254468	4.394188709	6.395602561
84.444163881	6.395602561	-2.882786652	-1.285224729
84.763944009	-1.285224729	1.316207453	0.764241390
84.699682773	0.764241390	-1.097352954	-2.044140816
84.737894843	-2.044140816	0.874200192	-0.785880791
84.635687802	-0.785880791	-3.947374733	-7.863026697
84.596393762	-7.863026697	2.783008901	-3.962949613
84.203242427	-3.962949613	3.790664014	-1.077791944
84.005094947	-1.077791944	4.762382646	2.136386980
83.951205349	2.136386980	-1.887039175	-6.095522997
84.058024698	-6.095522997	3.599985916	-4.024421893
83.753248549	-4.024421893	-2.421070156	-12.774616278
83.552027454	-12.774616278	4.854449149	-9.791889719
82.913296640	-9.791889719	0.655542354	-13.603078419
82.423702154	-13.603078419	-1.731693151	-19.139437846
81.743548233	-19.139437846	2.996608375	-12.864883618
80.786576341	-12.864883618	2.769841920	-2.189770858
80.143332160	-2.189770858	0.153936931	4.799191762
80.033843617	4.799191762	-4.717573798	3.010388631
80.273803205	3.010388631	-1.090812885	7.020743924
80.424322637	7.020743924	-3.220276645	7.097846411
80.775359833	7.097846411	-2.091938450	7.905894403
81.130252153	7.905894403	0.353808917	10.824159992
81.525546874	10.824159992	4.978842782	18.427293741
82.066754873	18.427293741	-4.584257661	6.952987932
82.988119560	6.952987932	2.345850141	3.683898931
83.335768957	3.683898931	-4.488890962	-10.238262574
83.519963903	-10.238262574	0.519950272	-14.356883964
83.008050775	-14.356883964	1.021466271	-17.355019358
82.290206577	-17.355019358	-1.993677115	-22.309265385
81.422455609	-22.309265385	-4.581224297	-25.658612484
80.306992339	-25.658612484	-1.046495262	-18.570337602
79.024061715	-18.570337602	1.475529858	-11.406094713
78.095544835	-11.406094713	-3.018007707	-17.607519008
77.525240099	-17.607519008	2.131639732	-17.803137961
76.644864149	-17.803137961	2.189394881	-18.513614150
75.754707251	-18.513614150	3.476267092	-13.353006629
74.829026543	-13.353006629	-0.834332710	-9.825893930
74.161376212	-9.825893930	3.635929549	2.978820174
73.670081516	2.978820174	3.754038623	14.617669012
73.819022524	14.617669012	2.485203201	23.294667835
74.549905975	23.294667835	3.367520499	31.003020621
75.714639367	31.003020621	3.498718814	31.521939134
77.264790398	31.521939134	0.360025748	22.980908118
78.840887354	22.980908118	-0.792868010	21.308640578
79.989932760	21.308640578	-1.663897712	22.814165657
81.055364789	22.814165657	4.003400045	30.528318516
82.196073072	30.528318516	-2.644780434	20.283736776
83.722488998	20.283736776	2.240848449	16.120400863
84.736675837	16.120400863	0.846916130	15.224700474
85.542695880	15.224700474	1.154770711	19.601949984
86.303930903	19.601949984	-2.487968167	19.984968073
87.284028403	19.984968073	-4.964452395	14.122128273
88.283276806	14.122128273	0.437874917	11.327825933
88.989383220	11.327825933	4.138438752	11.185032162
89.555774517	11.185032162	2.701321876	7.877683764
90.115026125	7.877683764	-4.050439302	-4.721375556
90.508910313	-4.721375556	1.494668080	-5.262699173
90.272841535	-5.262699173	1.575214077	-6.751871548
90.009706576	-6.751871548	1.196819921	-9.646443101
89.672112999	-9.646443101	3.747476199	-8.908188275
89.189790844	-8.908188275	0.657321466	-12.781668370
88.744381430	-12.781668370	3.455176755	-10.405526435
88.105298012	-10.405526435	-4.624161485	-17.393685752
87.585021690	-17.393685752	-4.558452040	-20.425188892
86.715337402	-20.425188892	-3.030519611	-17.129102956
85.694077958	-17.129102956	-2.690100513	-14.753885370
84.837622810	-14.753885370	2.668623763	-8.903959292
84.099928542	-8.903959292	1.669425432	-9.422482173
83.654730577	-9.422482173	1.585680416	-11.658367490
83.183606468	-11.658367490	1.028653375	-15.059764586
82.600688094	-15.059764586	-0.337335258	-19.025338940
81.847699865	-19.025338940	2.259588458	-14.573502016
80.896432918	-14.573502016	4.460550298	-1.549042711
80.167757817	-1.549042711	4.695380121	12.518094021
80.090305681	12.518094021	-3.826230797	11.456014893
80.716210382	11.456014893	4.984135586	23.223694610
81.289011127	23.223694610	-3.114223965	18.421098126
82.450195857	18.421098126	0.952697807	13.638124136
83.371250764	13.638124136	0.738855269	7.067629098
84.053156970	7.067629098	-3.860342385	-4.271391733
84.406538425	-4.271391733	0.586764111	-5.283788032
84.192968839	-5.283788032	-4.246891274	-14.973888004
83.928779437	-14.973888004	-0.745965344	-19.492294420
83.180085037	-19.492294420	3.699107733	-17.989391958
82.205470316	-17.989391958	1.826980429	-16.426232317
81.306000718	-16.426232317	-3.279226682	-17.557067230
80.484689102	-17.557067230	3.001396844	-5.144640444
79.606835741	-5.144640444	-0.711993071	-0.033890920
79.349603718	-0.033890920	4.354201140	11.628479986
79.347909172	11.628479986	4.806990364	22.475505711
79.929333172	22.475505711	-0.364429090	25.862534639
81.053108457	25.862534639	-2.152537914	23.632977232
82.346235189	23.632977232	1.813597549	20.231315587
83.527884051	20.231315587	2.986203083	16.797704063
84.539449830	16.797704063	-2.950778542	8.645776750
85.379335033	8.645776750	0.417990728	11.626424548
85.811623871	11.626424548	3.398407102	20.967649541
86.392945098	20.967649541	3.778014186	31.108504400
87.441327575	31.108504400	1.065443483	32.913192053
88.996752795	32.913192053	1.812041841	27.151146185
90.642412398	27.151146185	-3.697578324	15.837451802
91.999969707	15.837451802	-1.588531767	16.605056846
92.791842297	16.605056846	4.642243248	28.454870926
93.622095140	28.454870926	0.230085317	29.726664500
95.044838686	29.726664500	-1.079341311	20.607002689
96.531171911	20.607002689	-2.595156752	9.660150185
97.561522045	9.660150185	3.641440948	15.365802623
98.044529555	15.365802623	2.367109577	21.322080834
98.812819686	21.322080834	-3.158724438	20.452893899
99.878923727	20.452893899	4.467282696	29.240254618
100.901568422	29.240254618	1.085654370	25.799884772
102.363581153	25.799884772	0.329225590	17.664707939
103.653575392	17.664707939	0.098983781	15.878886793
104.536810789	15.878886793	3.028664864	23.785511925
105.330755128	23.785511925	-4.329105397	20.898951912
106.520030725	20.898951912	0.987889179	22.172166795
107.564978320	22.172166795	4.581887417	22.842765281
108.673586660	22.842765281	4.828807859	22.095651320
109.815724924	22.095651320	1.792129502	21.813560465
110.920507490	21.813560465	-3.946153273	18.605362764
112.011185513	18.605362764	1.407827045	24.502957728
112.941453652	24.502957728	-2.678999782	18.835204758
114.166601538	18.835204758	-4.704712551	3.970314692
115.108361776	3.970314692	-0.738692196	-3.499145471
115.306877511	-3.499145471	-4.274844720	-14.743047186
115.131920237	-14.743047186	-2.515757537	-22.789789990
114.394767878	-22.789789990	3.539724149	-21.023613176
113.255278378	-21.023613176	-3.135073117	-24.824961245
112.204097719	-24.824961245	0.394908909	-16.818439003
110.962849657	-16.818439003	-3.254988124	-14.852485530
110.121927707	-14.852485530	3.514389069	-6.710947409
109.379303430	-6.710947409	-4.672428003	-16.663528799
109.043756060	-16.663528799	-0.864082822	-21.285612432
108.210579620	-21.285612432	-0.755625338	-26.548680110
107.146298998	-26.548680110	-3.972434361	-32.237563744
105.818864993	-32.237563744	-0.757076257	-25.000064018
104.206986806	-25.000064018	1.724207726	-16.591179247
102.956983605	-16.591179247	-0.308655602	-19.495504694
102.127424642	-19.495504694	-2.739047976	-28.132303835
101.152649408	-28.132303835	0.006195729	-29.040911403
99.746034216	-29.040911403	-0.281809373	-22.177394255
98.293988646	-22.177394255	-2.165375676	-18.390342455
97.185118933	-18.390342455	-2.212415913	-21.264527075
96.265601810	-21.264527075	1.027867622	-23.199557071
95.202375457	-23.199557071	1.811114705	-23.188063442
94.042397603	-23.188063442	2.811954007	-15.160193490
92.882994431	-15.160193490	3.811683184	-1.385134564
92.124984756	-1.385134564	-2.222872675	0.858694124
92.055728028	0.858694124	2.333660945	9.351546121
92.098662734	9.351546121	3.035946264	18.340127604
92.566240041	18.340127604	1.489822226	25.079229803
93.483246421	25.079229803	-0.486381388	26.200064893
94.737207911	26.200064893	2.071876098	23.901646313
96.047211156	23.901646313	4.076446461	21.779330974
97.242293471	21.779330974	-4.125272378	12.174843009
98.331260020	12.174843009	-0.764899469	14.750981648
98.940002170	14.750981648	-0.037638610	19.447145127
99.677551253	19.447145127	-0.716676020	21.098428859
100.649908509	21.098428859	-1.797933457	15.391509865
101.704829952	15.391509865	1.114994767	9.701715997
102.474405445	9.701715997	1.532580520	5.121514135
102.959491245	5.121514135	-0.564961581	-0.595623260
103.215566952	-0.595623260	-4.373801980	-9.971485840
103.185785789	-9.971485840	-3.971816325	-18.041595524
102.687211497	-18.041595524	1.211491897	-19.545677223
101.785131721	-19.545677223	1.246236072	-21.598166349
100.807847860	-21.598166349	-2.964396223	-25.812747800
99.727939542	-25.812747800	-4.813189940	-26.285451891
98.437302152	-26.285451891	1.383433300	-16.041833045
97.123029558	-16.041833045	-1.070400974	-17.711926896
96.320937905	-17.711926896	-0.211765988	-21.755546001
95.435341560	-21.755546001	-1.375346827	-27.588688718
94.347564260	-27.588688718	-1.064165857	-27.179788250
92.968129825	-27.179788250	-2.255258872	-22.000571520
91.609140412	-22.000571520	0.550867665	-15.878810416
90.509111836	-15.878810416	2.327698533	-14.108021552
89.715171315	-14.108021552	-2.610900451	-22.926844587
89.009770238	-22.926844587	-2.827802496	-30.544800993
87.863428008	-30.544800993	2.165880468	-23.523396102
86.336187959	-23.523396102	2.541750255	-10.872297028
85.160018153	-10.872297028	0.279654842	-7.131386557
84.616403302	-7.131386557	-0.327614337	-8.065752941
84.259833974	-8.065752941	2.311376032	-6.842387693
83.856546327	-6.842387693	-4.702170559	-18.584997245
83.514426942	-18.584997245	-4.951279520	-30.568923891
82.585177080	-30.568923891	0.469683093	-31.813949797
81.056730886	-31.813949797	-1.978184996	-28.139932824
79.466033396	-28.139932824	3.092165837	-15.466007550
78.059036755	-15.466007550	2.429212504	-12.942451886
77.285736377	-12.942451886	-3.436430713	-22.951822096
76.638613783	-22.951822096	3.802199772	-20.651181273
75.491022678	-20.651181273	2.533800731	-15.161980701
74.458463614	-15.161980701	-2.072734379	-11.724465274
73.700364579	-11.724465274	-1.810139935	-7.016725642
73.114141316	-7.016725642	0.039830094	-1.310780211
72.763305034	-1.310780211	-0.422947123	1.443947963
72.697766023	1.443947963	-1.962415658	0.688157818
72.769963421	0.688157818	-1.946864686	0.429642296
72.804371312	0.429642296	2.967454756	8.110806221
72.825853427	8.110806221	-3.671925154	4.775865697
73.231393738	4.775865697	2.538690716	13.330870258
73.470187023	13.330870258	1.545375346	20.246595492
74.136730536	20.246595492	2.271011884	27.782228769
75.149060310	27.782228769	4.020760015	32.934382579
76.538171749	32.934382579	3.295737185	29.186797732
78.184890878	29.186797732	3.251753306	29.250558435
79.644230764	29.250558435	-4.653659987	24.712775123
81.106758686	24.712775123	1.417491808	27.921755011
82.342397442	27.921755011	0.094085814	21.450093150
83.738485193	21.450093150	1.631488915	16.270258581
84.810989850	16.270258581	2.425224524	18.312164929
85.624502779	18.312164929	0.426164119	21.640776068
86.540111026	21.640776068	-3.919325148	19.547717667
87.622149829	19.547717667	3.540597949	25.246838648
88.599535712	25.246838648	1.235518010	20.941514097
89.861877645	20.941514097	2.448338730	16.693431546
90.908953350	16.693431546	-1.227604325	11.790407428
91.743624927	11.790407428	0.498899205	15.039831255
92.333145298	15.039831255	0.984272224	20.948844086
93.085136861	20.948844086	1.968783264	27.727012504
94.132579065	27.727012504	2.664921447	29.920118467
95.518929691	29.920118467	2.023157548	24.145665217
97.014935614	24.145665217	-2.309576127	15.799896301
98.222218875	15.799896301	2.713625072	23.086981329
99.012213690	23.086981329	1.982817993	30.205759374
100.166562756	30.205759374	-2.206796644	26.039651855
101.676850725	26.039651855	-2.142835046	14.341465070
102.978833318	14.341465070	0.575878152	9.684671240
103.695906571	9.684671240	-1.525860672	6.326615035
104.180140133	6.326615035	0.768293032	9.800877609
104.496470885	9.800877609	-0.125286984	13.123052813
104.986514765	13.123052813	-4.670912834	10.472320687
105.642667406	10.472320687	-4.759732654	7.629935274
106.166283440	7.629935274	-2.490384623	6.603905579
106.547780204	6.603905579	-2.294480062	3.828681973
106.877975483	3.828681973	1.115736081	4.600159154
107.069409582	4.600159154	-0.474413736	1.609428684
107.299417539	1.609428684	1.147818911	0.086883354
107.379888974	0.086883354	0.057633490	-3.453294363
107.384233141	-3.453294363	1.060352982	-4.648111311
107.211568423	-4.648111311	-4.404713929	-13.366612124
106.979162858	-13.366612124	-0.944426159	-14.453575341
106.310832252	-14.453575341	0.192975855	-9.569696029
105.588153484	-9.569696029	4.382617685	4.363576007
105.109668683	4.363576007	0.889087033	11.394003386
105.327847483	11.394003386	0.864294215	17.788582797
105.897547653	17.788582797	2.613352160	25.078710618
106.786976793	25.078710618	1.894948632	25.743942323
108.040912323	25.743942323	-2.124740600	13.909175935
109.328109440	13.909175935	3.071905755	13.546381511
110.023568236	13.546381511	1.382781333	14.697121109
110.700887312	14.697121109	1.455644083	19.714434170
111.435743367	19.714434170	2.454983307	27.860889460
112.421465076	27.860889460	3.874550781	35.170019997
113.814509549	35.170019997	-4.573703182	20.432941207
115.573010549	20.432941207	1.532511423	16.870843227
116.594657609	16.870843227	0.208483406	17.648353591
117.438199770	17.648353591	3.696140851	27.527241464
118.320617450	27.527241464	-2.650977792	26.161806534
119.696979523	26.161806534	4.379376643	28.499820274
121.005069850	28.499820274	-0.877210720	18.018857091
122.430060864	18.018857091	-1.107250546	13.843391627
123.331003718	13.843391627	-4.118648361	10.457348771
124.023173299	10.457348771	2.084507915	18.862233067
124.546040738	18.862233067	-1.050129399	20.960977596
125.489152391	20.960977596	-3.444714161	14.523024759
126.537201271	14.523024759	-1.358297013	6.004624316
127.263352509	6.004624316	1.599697190	1.430726992
127.563583725	1.430726992	-0.491073435	-5.684793346
127.635120075	-5.684793346	-3.196939392	-15.782582134
127.350880407	-15.782582134	0.958669456	-18.896201864
126.561751301	-18.896201864	-2.136228685	-25.264376584
125.616941207	-25.264376584	0.521388076	-21.645714889
124.353722378	-21.645714889	-1.493828107	-15.713190184
123.271436634	-15.713190184	1.527312009	-7.361882254
122.485777125	-7.361882254	1.052507855	-5.038668511
122.117683012	-5.038668511	-0.395660065	-7.457652317
121.865749586	-7.457652317	-2.718583657	-14.682175341
121.492866970	-14.682175341	-2.732106793	-22.838055658
120.758758203	-22.838055658	-4.343780010	-33.584185090
119.616855420	-33.584185090	2.522566048	-27.846142439
117.937646166	-27.846142439	-3.311998099	-24.054913174
116.545339044	-24.054913174	-3.492603409	-25.247670300
115.342593385	-25.247670300	-1.558806630	-30.131186635
114.080209870	-30.131186635	-3.392358577	-37.782831026
112.573650539	-37.782831026	4.295503765	-24.241804739
110.684508987	-24.241804739	-3.540710819	-23.192156005
109.472418750	-23.192156005	3.824861729	-17.794732548
108.312810950	-17.794732548	-3.115462131	-27.161763599
107.423074323	-27.161763599	-4.452358739	-35.103832810
106.064986143	-35.103832810	4.707420095	-20.012239252
104.309794502	-20.012239252	-3.948929309	-20.432367395
103.309182540	-20.432367395	0.133003495	-20.398514324
102.287564170	-20.398514324	2.899477964	-19.979636361
101.267638454	-19.979636361	0.750701670	-21.013542069
100.268656636	-21.013542069	-4.849805782	-24.881061828
99.217979532	-24.881061828	-0.979060939	-17.843837051
97.973926441	-17.843837051	-3.812695949	-18.516793292
97.081734588	-18.516793292	-2.925934352	-23.133333818
96.155894924	-23.133333818	-4.627597444	-34.060115692
94.999228233	-34.060115692	-0.379158070	-35.676556075
93.296222448	-35.676556075	-1.476105575	-29.416767053
91.512394644	-29.416767053	3.384029064	-18.722697559
90.041556292	-18.722697559	2.378073776	-18.590847458
89.105421414	-18.590847458	-3.079687340	-27.271654422
88.175879041	-27.271654422	0.271601757	-25.485825508
86.812296320	-25.485825508	-4.980363546	-25.023795990
85.538005044	-25.023795990	-2.160491137	-21.798498960
84.286815245	-21.798498960	2.884791334	-18.296034403
83.196890297	-18.296034403	0.937538584	-21.250479622
82.282088577	-21.250479622	-3.681283093	-28.467280459
81.219564596	-28.467280459	-3.206499834	-27.904859902
79.796200573	-27.904859902	-3.747180538	-25.050847939
78.400957578	-25.050847939	1.152216915	-21.628836412
77.148415181	-21.628836412	0.623944560	-24.685798368
76.066973360	-24.685798368	1.544693512	-23.721416606
74.832683442	-23.721416606	-1.969193241	-21.068518877
73.646612611	-21.068518877	-1.776333249	-15.521433937
72.593186668	-15.521433937	-0.132610642	-12.014601583
71.817114971	-12.014601583	-3.110374068	-18.279554031
71.216384892	-18.279554031	3.426677226	-16.461945035
70.302407190	-16.461945035	-2.329596901	-24.270310011
69.479309938	-24.270310011	-3.777860899	-30.048292957
68.265794438	-30.048292957	-3.057100179	-27.181287970
66.763379790	-27.181287970	1.390528593	-17.832110350
65.404315391	-17.832110350	1.288415686	-17.373284737
64.512709874	-17.373284737	0.869622072	-20.488764791
63.644045637	-20.488764791	3.519546448	-17.463198047
62.619607397	-17.463198047	-1.168241496	-16.166353565
61.746447495	-16.166353565	2.900955211	-4.329458520
60.938129817	-4.329458520	-1.724061012	-0.425315911
60.721656891	-0.425315911	-2.850235192	0.787026670
60.700391095	0.787026670	-3.194239473	0.805480748
60.739742429	0.805480748	-3.161044009	1.002492767
60.780016466	1.002492767	-2.485415478	2.366653175
60.830141105	2.366653175	1.822206405	10.522687291
60.948473763	10.522687291	0.992558739	16.913594666
61.474608128	16.913594666	2.261725883	24.889888369
62.320287861	24.889888369	4.371740887	32.388191474
63.564782280	32.388191474	2.366472048	28.741377716
65.184191853	28.741377716	-0.520540215	20.623553250
66.621260739	20.623553250	4.408492094	29.281887746
67.652438402	29.281887746	-2.720805882	28.418898115
69.116532789	28.418898115	1.031795542	27.245890937
70.537477695	27.245890937	-1.605126057	15.792846767
71.899772242	15.792846767	0.454390893	12.647129814
72.689414580	12.647129814	-0.146625460	13.694326830
73.321771071	13.694326830	-4.646380805	10.447625070
74.006487412	10.447625070	-4.472161439	8.455696802
74.528868666	8.455696802	4.292731821	19.037166748
74.951653506	19.037166748	-2.546988559	15.814748089
75.903511843	15.814748089	-3.152518477	6.143226498
76.694249248	6.143226498	0.337610914	-0.193725367
77.001410572	-0.193725367	2.058098012	-3.016065753
76.991724304	-3.016065753	2.647261968	-4.660295023
76.840921016	-4.660295023	-4.599822143	-17.504791430
76.607906265	-17.504791430	3.669883296	-15.835154043
75.732666694	-15.835154043	4.363084599	-9.389078230
74.940908992	-9.389078230	-3.069999624	-10.349079304
74.471455080	-10.349079304	3.593733283	1.519808139
73.954001115	1.519808139	-0.849101124	6.077426096
74.029991522	6.077426096	2.645309404	15.643425354
74.333862827	15.643425354	-4.021579217	13.202149483
75.116034094	13.202149483	2.823380634	17.980353977
75.776141569	17.980353977	-2.757971607	9.461990464
76.675159267	9.461990464	-1.122948682	0.564041120
77.148258791	0.564041120	-4.649263807	-13.251317039
77.176460847	-13.251317039	3.027325502	-13.245821958
76.513894995	-13.245821958	-3.096632053	-22.364719548
75.851603897	-22.364719548	2.581806234	-18.827770412
74.733367919	-18.827770412	2.334477001	-9.333115472
73.791979399	-9.333115472	-1.732987421	-4.671600085
73.325323625	-4.671600085	-4.133275273	-4.979033882
73.091743621	-4.979033882	-3.662216923	-5.372067754
72.842791927	-5.372067754	-3.281702404	-6.320252779
72.574188539	-6.320252779	-4.647687293	-10.853595553
72.258175900	-10.853595553	-2.142170666	-13.002359048
71.715496122	-13.002359048	-1.922077217	-17.875839084
71.065378170	-17.875839084	-3.350277321	-27.171782831
70.171586216	-27.171782831	3.587151157	-24.355467662
68.812997074	-24.355467662	-4.816373635	-27.629564840
67.595223691	-27.629564840	0.954661690	-17.103942416
66.213745449	-17.103942416	0.769603709	-12.618877461
65.358548328	-12.618877461	-3.290126511	-20.068531369
64.727604455	-20.068531369	0.098739726	-23.862265477
63.724177887	-23.862265477	2.561698884	-22.373654928
62.531064613	-22.373654928	-0.372618197	-18.844149414
61.412381867	-18.844149414	-4.497090640	-17.744902311
60.470174396	-17.744902311	0.731322047	-10.323788480
59.582929280	-10.323788480	-1.152839321	-11.650556121
59.066739856	-11.650556121	-4.751541396	-21.529882861
58.484212050	-21.529882861	3.687788696	-19.462853563
57.407717907	-19.462853563	3.109969194	-17.371993088
56.434575229	-17.371993088	-0.010325255	-14.873749073
55.565975575	-14.873749073	0.939361434	-6.569546144
54.822288121	-6.569546144	-4.744599151	-6.964805565
54.493810814	-6.964805565	-1.232431131	-2.450252261
54.145570536	-2.450252261	-2.971010994	-2.413823132
54.023057923	-2.413823132	1.317444085	3.761308283
53.902366766	3.761308283	-1.410888582	3.970295559
54.090432180	3.970295559	-0.476237522	6.616647997
54.288946958	6.616647997	-0.207285847	10.336308367
54.619779358	10.336308367	-2.550491449	11.076985273
55.136594776	11.076985273	-2.272317633	12.510009587
55.690444040	12.510009587	-1.820641089	13.067258967
56.315944519	13.067258967	0.343998369	13.655958266
56.969307468	13.655958266	-3.914412944	3.458104046
57.652105381	3.458104046	1.947459923	0.334377346
57.825010583	0.334377346	-0.854371203	-7.321263749
57.841729451	-7.321263749	-1.088482395	-14.214258851
57.475666263	-14.214258851	3.519762581	-12.218826485
56.764953321	-12.218826485	-0.678929087	-13.309173257
56.154011996	-13.309173257	-2.160565622	-12.847570485
55.488553333	-12.847570485	-3.099504964	-10.821971529
54.846174809	-10.821971529	-0.684377547	-4.428419282
54.305076233	-4.428419282	2.095892157	4.442417852
54.083655269	4.442417852	4.063350696	14.152794725
54.305776161	14.152794725	4.632415649	24.874962866
55.013415897	24.874962866	-4.141506989	22.205839271
56.257164041	22.205839271	-4.783145955	14.269565577
57.367456004	14.269565577	0.713211501	9.260925587
58.080934283	9.260925587	1.123223387	3.647595988
58.543980562	3.647595988	-4.260811121	-9.373939946
58.726360362	-9.373939946	1.951520647	-10.415627943
58.257663365	-10.415627943	-1.944893387	-18.559802083
57.736881967	-18.559802083	0.296573206	-22.051644070
56.808891863	-22.051644070	-2.351633448	-25.160360295
55.706309660	-25.160360295	1.389478204	-15.767300525
54.448291645	-15.767300525	3.767770399	-2.738558397
53.659926619	-2.738558397	0.736438576	0.482551777
53.522998699	0.482551777	-1.331406814	-1.161021380
53.547126288	-1.161021380	1.106325169	1.801845358
53.489075219	1.801845358	-3.878495168	-4.179258306
53.579167487	-4.179258306	-0.101922153	-2.645980186
53.370204571	-2.645980186	-0.634372283	-3.402241518
53.237905562	-3.402241518	0.411208861	-3.276893594
53.067793486	-3.276893594	3.361762231	0.438928671
52.903948806	0.438928671	-3.315230284	-8.097215201
52.925895240	-8.097215201	-4.641208510	-17.356985302
52.521034480	-17.356985302	4.607973060	-13.208646756
51.653185215	-13.208646756	-2.279069857	-21.582485764
50.992752877	-21.582485764	1.668079951	-20.985607852
49.913628589	-20.985607852	2.783262187	-12.311673493
48.864348196	-12.311673493	-3.434275754	-10.145400466
48.248764522	-10.145400466	2.069494480	-0.044375119
47.741494498	-0.044375119	-0.084428152	3.721753205
47.739275742	3.721753205	-1.843458682	3.898189156
47.925363403	3.898189156	4.385506543	14.746801649
48.120272860	14.746801649	3.624863997	24.191063037
48.857612943	24.191063037	-1.363155921	25.873293323
50.067166095	25.873293323	-2.442489730	20.718423764
51.360830761	20.718423764	4.354270123	19.854847531
52.396751949	19.854847531	0.742833544	13.654670710
