3
200
0.000000000	0.000000000	-0.829779953	0.000000000
0.000000000	-1.305041490	-4.076614052	-0.065252074
-0.065252074	-7.362548673	-1.032325258	-0.433379508
-0.433379508	-7.676832257	1.852195004	-0.817221121
-0.817221121	-1.185467586	-4.726124068	-0.876494500
-0.876494500	-3.668670559	0.586898284	-1.059928028
-1.059928028	2.674935159	3.007445687	-0.926181270
-0.926181270	12.438335781	1.923226157	-0.304264481
-0.304264481	19.159610595	-4.149557886	0.653716049
0.653716049	12.570143478	3.781425034	1.282223222
1.282223222	13.311287866	4.578895302	1.947787616
1.947787616	13.026047359	-1.844843690	2.599089984
2.599089984	2.845816489	-4.817117227	2.741380808
2.741380808	-8.483839575	2.481656544	2.317188829
2.317188829	-6.043927545	-3.967739934	2.014992452
2.014992452	-16.142566999	-2.063858516	1.207864102
1.207864102	-23.407310969	-4.806330421	0.037498554
0.037498554	-34.535121617	-2.344533406	-1.689257527
-1.689257527	-35.124317088	0.741176055	-3.445473382
-3.445473382	-24.298182914	1.997583600	-4.660382527
-4.660382527	-20.629964890	1.944001577	-5.691880772
-5.691880772	-21.793239075	0.358964059	-6.781542725
-6.781542725	-22.558016378	4.445947560	-7.909443544
-7.909443544	-10.285706863	-3.625252959	-8.423728888
-8.423728888	-8.520553605	-1.023231630	-8.849756568
-8.849756568	-3.809517920	-1.522341403	-9.040232464
-9.040232464	-2.189665662	3.833060912	-9.149715747
-9.149715747	6.641867235	-1.511016580	-8.817622385
-8.817622385	5.148342622	-0.719088101	-8.560205254
-8.560205254	6.922587907	4.494892587	-8.214075859
-8.214075859	17.939989174	-0.918631972	-7.317076400
-7.317076400	20.560630943	0.736794867	-6.289044853
-6.289044853	25.066095264	-1.733550982	-5.035740090
-5.035740090	19.891097842	-1.427302400	-4.041185198
-4.041185198	9.635483596	-4.841787572	-3.559411018
-3.559411018	-4.027348657	4.973228505	-3.760778451
-3.760778451	1.829374996	4.325954630	-3.669309701
-3.669309701	4.565867399	2.554630526	-3.441016331
-3.441016331	4.756213103	2.115247586	-3.203205676
-3.203205676	5.556091848	-4.737890131	-2.925401083
-2.925401083	-3.019772127	3.600279487	-3.076389690
-3.076389690	4.505464519	3.420308924	-2.851116464
-2.851116464	9.655247861	0.857592715	-2.368354071
-2.368354071	11.710145174	-4.813527106	-1.782846812
-1.782846812	7.264264100	3.071051956	-1.419633607
-1.419633607	17.381050435	2.471216427	-0.550581085
-0.550581085	25.716345106	-4.400823105	0.735236170
0.735236170	19.555903410	-3.925058709	1.713031341
1.713031341	7.154379790	0.597169821	2.070750330
2.070750330	0.961770927	4.672763300	2.118838876
2.118838876	2.443964837	-2.476742554	2.241037118
2.241037118	-7.299259509	0.813589273	1.876074143
1.876074143	-10.078289225	-2.601522409	1.372159682
1.372159682	-19.053599999	3.289808996	0.419479682
0.419479682	-18.125988349	-4.299778563	-0.486819736
-0.486819736	-25.598276876	0.688514371	-1.766733580
-1.766733580	-19.026975807	0.797452192	-2.718082370
-2.718082370	-9.632984443	2.453344309	-3.199731592
-3.199731592	-2.077384237	-4.336651656	-3.303600804
-3.303600804	-8.841630796	-2.898259901	-3.745682344
-3.745682344	-13.388697164	-2.396849014	-4.415117202
-4.415117202	-19.308407277	1.394608809	-5.380537566
-5.380537566	-21.185773937	-2.367032295	-6.439826263
-6.439826263	-27.729619264	2.721780295	-7.826307226
-7.826307226	-19.738988826	-4.860484270	-8.813256667
-8.813256667	-19.061228342	4.490163207	-9.766318084
-9.766318084	-6.425824919	4.156063498	-10.087609330
-10.087609330	-1.191725552	-0.140093329	-10.147195608
-10.147195608	-4.955297479	4.261814267	-10.394960482
-10.394960482	-1.747744439	4.632625284	-10.482347704
-10.482347704	0.720633110	-3.649208420	-10.446316048
-10.446316048	-10.823293707	4.479702112	-10.987480734
-10.987480734	-7.957668176	-3.238037444	-11.385364142
-11.385364142	-18.416160191	3.094906921	-12.306172152
-12.306172152	-17.502642209	0.820141799	-13.181304262
-13.181304262	-16.030852833	4.053923187	-13.982846904
-13.982846904	-4.335768254	2.986035912	-14.199635317
-14.199635317	7.228220680	0.991103076	-13.838224283
-13.838224283	14.206155653	-0.663236510	-13.127916500
-13.127916500	17.688402984	3.928887085	-12.243496351
-12.243496351	25.407558434	2.879292338	-10.973118429
-10.973118429	25.415493987	-0.798063200	-9.702343730
-9.702343730	15.328166890	-4.995979751	-8.935935385
-8.935935385	4.127799961	4.737835384	-8.729545387
-8.729545387	13.938448704	0.747115047	-8.032622952
-8.032622952	17.672506856	0.868333407	-7.148997609
-7.148997609	23.432218637	2.550821885	-5.977386677
-5.977386677	29.916110344	-1.773190032	-4.481581160
-4.481581160	22.304952673	-1.178972480	-3.366333527
-3.366333527	12.063505599	-1.826160540	-2.763158247
-2.763158247	6.464536821	4.738020779	-2.439931406
-2.439931406	15.433295111	-0.732989907	-1.668266650
-1.668266650	16.736510195	3.799982886	-0.831441140
-0.831441140	27.261501079	-2.297917380	0.531633914
0.531633914	25.632482086	0.277146463	1.813258018
1.813258018	20.329714691	2.331425253	2.829743752
2.829743752	15.803718694	0.688579907	3.619929687
3.619929687	13.293902127	-4.317906516	4.284624794
4.284624794	7.981056849	4.828171137	4.683677636
4.683677636	20.369372814	3.749616450	5.702146277
5.702146277	30.516633747	-3.390285632	7.227977964
7.227977964	25.677306772	-2.749600422	8.511843303
8.511843303	13.693439827	4.163055535	9.196515294
9.196515294	13.777025769	-3.891086993	9.885366582
9.885366582	4.755037176	2.285856680	10.123118441
10.123118441	10.494317974	3.516718749	10.647834340
10.647834340	18.908307875	-2.663338608	11.593249734
11.593249734	18.725132735	-0.228590130	12.529506370
12.529506370	21.670695909	0.440101188	13.613041166
13.613041166	20.414715931	2.515278171	14.633776962
14.633776962	16.833445495	2.852960282	15.475449237
15.475449237	14.019628893	3.729223764	16.176430682
16.176430682	16.934621588	4.498059914	17.023161761
17.023161761	25.105053149	-4.012565982	18.278414419
18.278414419	22.416851363	1.102408126	19.399256987
19.399256987	25.317617454	2.702387346	20.665137859
20.665137859	23.759560448	-2.429307012	21.853115882
21.853115882	11.441951754	2.965886780	22.425213470
22.425213470	13.974031644	4.904717836	23.123915052
23.123915052	22.854072233	4.013084363	24.266618663
24.266618663	32.599030576	1.366044000	25.896570192
25.896570192	36.398493264	-1.442948290	27.716494855
27.716494855	26.257608384	2.456371927	29.029375275
29.029375275	24.184581400	3.623462528	30.238604345
30.238604345	31.805986746	-3.113631990	31.828903682
31.828903682	29.652967078	4.897517077	33.311552036
33.311552036	31.923336428	-2.378269162	34.907718857
34.907718857	19.095674075	-4.430705616	35.862502561
35.862502561	12.344510201	2.986042448	36.479728071
36.479728071	21.791496863	0.934324495	37.569302914
37.569302914	26.999978777	2.498583107	38.919301853
38.919301853	29.088282246	4.594343211	40.373715965
40.373715965	27.535114256	2.093872512	41.750471678
41.750471678	25.277371633	-2.785672657	43.014340260
43.014340260	23.377957673	-0.713811713	44.183238143
44.183238143	25.124566482	3.029632374	45.439466467
45.439466467	26.137844527	-1.575458802	46.746358694
46.746358694	14.802205770	3.240098704	47.486468982
47.486468982	16.004718804	-4.216131001	48.286704923
48.286704923	9.941595768	-0.414161863	48.783784711
48.783784711	13.959837985	2.548614814	49.481776610
49.481776610	22.770746541	-0.475951733	50.620313937
50.620313937	24.201670792	-0.259960734	51.830397477
51.830397477	19.190121961	4.046861603	52.789903575
52.789903575	17.279659404	-3.743586189	53.653886545
53.653886545	5.949094204	0.386272826	53.951341255
53.951341255	7.329280573	2.959669419	54.317805284
54.317805284	14.360495593	-3.422699301	55.035830064
55.035830064	12.442252492	4.058094960	55.657942688
55.657942688	23.777793990	2.318004091	56.846832388
56.846832388	29.964995402	-2.501493198	58.345082158
58.345082158	21.250049814	3.126105880	59.407584649
59.407584649	17.866657061	3.190891786	60.300917502
60.300917502	19.283499689	0.336533450	61.265092486
61.265092486	21.468093244	-1.334433561	62.338497148
62.338497148	23.523371960	4.388864774	63.514665746
63.514665746	31.070386608	3.910189543	65.068185077
65.068185077	30.210176141	-1.740101882	66.578693884
66.578693884	19.557645517	1.902278682	67.556576160
67.556576160	24.152136264	-2.099031483	68.764182973
68.764182973	24.763680977	-1.885557859	70.002367022
70.002367022	21.510841134	-0.735252115	71.077909078
71.077909078	13.289829659	4.318611166	71.742400561
71.742400561	12.815287622	4.202065143	72.383164942
72.383164942	14.930501088	-2.726902637	73.129689997
73.129689997	9.862595002	1.070941620	73.622819747
73.622819747	15.265830936	-3.148696017	74.386111294
74.386111294	14.892393739	0.742190888	75.130730981
75.130730981	19.843180935	-2.711863290	76.122890027
76.122890027	15.230693134	0.190159841	76.884424684
76.884424684	9.739164446	4.967534252	77.371382906
77.371382906	10.146997769	4.759890683	77.878732795
77.878732795	10.673558553	-4.675736747	78.412410723
78.412410723	-1.753051714	-0.482668513	78.324758137
78.324758137	-2.920597000	-3.320167068	78.178728287
78.178728287	-8.991514868	3.242378396	77.729152543
77.729152543	-5.080195160	-0.231176665	77.475142785
77.475142785	-9.329217533	-0.079281985	77.008681909
77.008681909	-13.904986091	-0.425950839	76.313432604
76.313432604	-19.402471566	2.582782605	75.343309026
75.343309026	-18.370206730	-2.797657738	74.424798689
74.424798689	-20.538639658	2.548914571	73.397866707
73.397866707	-9.227520839	-1.874986215	72.936490665
72.936490665	-5.368733364	2.701499563	72.668053996
72.668053996	3.569930237	0.190823222	72.846550508
72.846550508	5.839058611	1.724698447	73.138503439
73.138503439	11.304872081	4.147886867	73.703747043
73.703747043	21.453590119	3.593178061	74.776426549
74.776426549	31.211900221	1.736984239	76.337021560
76.337021560	34.586420106	0.605299905	78.066342565
78.066342565	27.102057712	3.558283673	79.421445451
79.421445451	27.149805165	-2.103972538	80.778935709
80.778935709	26.043485971	3.076984091	82.081110008
82.081110008	33.267456092	2.672845084	83.744482812
83.744482812	31.791746262	2.444731531	85.334070125
85.334070125	26.981025732	-3.010520766	86.683121412
86.683121412	22.678504465	-4.733721153	87.817046635
87.817046635	19.016454431	2.997765369	88.767869357
88.767869357	22.717008094	-2.923743382	89.903719761
89.903719761	11.298018961	0.538846111	90.468620709
