3
1000
0.000000000	0.000000000	-0.829779953	0.000000000
0.000000000	-1.305041490	-4.076614052	-0.065252074
-0.065252074	-7.362548673	-1.032325258	-0.433379508
-0.433379508	-7.676832257	1.852195004	-0.817221121
-0.817221121	-1.185467586	-4.726124068	-0.876494500
-0.876494500	-3.668670559	0.586898284	-1.059928028
-1.059928028	2.674935159	3.007445687	-0.926181270
-0.926181270	12.438335781	1.923226157	-0.304264481
-0.304264481	19.159610595	-4.149557886	0.653716049
0.653716049	12.570143478	3.781425034	1.282223222
1.282223222	13.311287866	4.578895302	1.947787616
1.947787616	13.026047359	-1.844843690	2.599089984
2.599089984	2.845816489	-4.817117227	2.741380808
2.741380808	-8.483839575	2.481656544	2.317188829
2.317188829	-6.043927545	-3.967739934	2.014992452
2.014992452	-16.142566999	-2.063858516	1.207864102
1.207864102	-23.407310969	-4.806330421	0.037498554
0.037498554	-34.535121617	-2.344533406	-1.689257527
-1.689257527	-35.124317088	0.741176055	-3.445473382
-3.445473382	-24.298182914	1.997583600	-4.660382527
-4.660382527	-20.629964890	1.944001577	-5.691880772
-5.691880772	-21.793239075	0.358964059	-6.781542725
-6.781542725	-22.558016378	4.445947560	-7.909443544
-7.909443544	-10.285706863	-3.625252959	-8.423728888
-8.423728888	-8.520553605	-1.023231630	-8.849756568
-8.849756568	-3.809517920	-1.522341403	-9.040232464
-9.040232464	-2.189665662	3.833060912	-9.149715747
-9.149715747	6.641867235	-1.511016580	-8.817622385
-8.817622385	5.148342622	-0.719088101	-8.560205254
-8.560205254	6.922587907	4.494892587	-8.214075859
-8.214075859	17.939989174	-0.918631972	-7.317076400
-7.317076400	20.560630943	0.736794867	-6.289044853
-6.289044853	25.066095264	-1.733550982	-5.035740090
-5.035740090	19.891097842	-1.427302400	-4.041185198
-4.041185198	9.635483596	-4.841787572	-3.559411018
-3.559411018	-4.027348657	4.973228505	-3.760778451
-3.760778451	1.829374996	4.325954630	-3.669309701
-3.669309701	4.565867399	2.554630526	-3.441016331
-3.441016331	4.756213103	2.115247586	-3.203205676
-3.203205676	5.556091848	-4.737890131	-2.925401083
-2.925401083	-3.019772127	3.600279487	-3.076389690
-3.076389690	4.505464519	3.420308924	-2.851116464
-2.851116464	9.655247861	0.857592715	-2.368354071
-2.368354071	11.710145174	-4.813527106	-1.782846812
-1.782846812	7.264264100	3.071051956	-1.419633607
-1.419633607	17.381050435	2.471216427	-0.550581085
-0.550581085	25.716345106	-4.400823105	0.735236170
0.735236170	19.555903410	-3.925058709	1.713031341
1.713031341	7.154379790	0.597169821	2.070750330
2.070750330	0.961770927	4.672763300	2.118838876
2.118838876	2.443964837	-2.476742554	2.241037118
2.241037118	-7.299259509	0.813589273	1.876074143
1.876074143	-10.078289225	-2.601522409	1.372159682
1.372159682	-19.053599999	3.289808996	0.419479682
0.419479682	-18.125988349	-4.299778563	-0.486819736
-0.486819736	-25.598276876	0.688514371	-1.766733580
-1.766733580	-19.026975807	0.797452192	-2.718082370
-2.718082370	-9.632984443	2.453344309	-3.199731592
-3.199731592	-2.077384237	-4.336651656	-3.303600804
-3.303600804	-8.841630796	-2.898259901	-3.745682344
-3.745682344	-13.388697164	-2.396849014	-4.415117202
-4.415117202	-19.308407277	1.394608809	-5.380537566
-5.380537566	-21.185773937	-2.367032295	-6.439826263
-6.439826263	-27.729619264	2.721780295	-7.826307226
-7.826307226	-19.738988826	-4.860484270	-8.813256667
-8.813256667	-19.061228342	4.490163207	-9.766318084
-9.766318084	-6.425824919	4.156063498	-10.087609330
-10.087609330	-1.191725552	-0.140093329	-10.147195608
-10.147195608	-4.955297479	4.261814267	-10.394960482
-10.394960482	-1.747744439	4.632625284	-10.482347704
-10.482347704	0.720633110	-3.649208420	-10.446316048
-10.446316048	-10.823293707	4.479702112	-10.987480734
-10.987480734	-7.957668176	-3.238037444	-11.385364142
-11.385364142	-18.416160191	3.094906921	-12.306172152
-12.306172152	-17.502642209	0.820141799	-13.181304262
-13.181304262	-16.030852833	4.053923187	-13.982846904
-13.982846904	-4.335768254	2.986035912	-14.199635317
-14.199635317	7.228220680	0.991103076	-13.838224283
-13.838224283	14.206155653	-0.663236510	-13.127916500
-13.127916500	17.688402984	3.928887085	-12.243496351
-12.243496351	25.407558434	2.879292338	-10.973118429
-10.973118429	25.415493987	-0.798063200	-9.702343730
-9.702343730	15.328166890	-4.995979751	-8.935935385
-8.935935385	4.127799961	4.737835384	-8.729545387
-8.729545387	13.938448704	0.747115047	-8.032622952
-8.032622952	17.672506856	0.868333407	-7.148997609
-7.148997609	23.432218637	2.550821885	-5.977386677
-5.977386677	29.916110344	-1.773190032	-4.481581160
-4.481581160	22.304952673	-1.178972480	-3.366333527
-3.366333527	12.063505599	-1.826160540	-2.763158247
-2.763158247	6.464536821	4.738020779	-2.439931406
-2.439931406	15.433295111	-0.732989907	-1.668266650
-1.668266650	16.736510195	3.799982886	-0.831441140
-0.831441140	27.261501079	-2.297917380	0.531633914
0.531633914	25.632482086	0.277146463	1.813258018
1.813258018	20.329714691	2.331425253	2.829743752
2.829743752	15.803718694	0.688579907	3.619929687
3.619929687	13.293902127	-4.317906516	4.284624794
4.284624794	7.981056849	4.828171137	4.683677636
4.683677636	20.369372814	3.749616450	5.702146277
5.702146277	30.516633747	-3.390285632	7.227977964
7.227977964	25.677306772	-2.749600422	8.511843303
8.511843303	13.693439827	4.163055535	9.196515294
9.196515294	13.777025769	-3.891086993	9.885366582
9.885366582	4.755037176	2.285856680	10.123118441
10.123118441	10.494317974	3.516718749	10.647834340
10.647834340	18.908307875	-2.663338608	11.593249734
11.593249734	18.725132735	-0.228590130	12.529506370
12.529506370	21.670695909	0.440101188	13.613041166
13.613041166	20.414715931	2.515278171	14.633776962
14.633776962	16.833445495	2.852960282	15.475449237
15.475449237	14.019628893	3.729223764	16.176430682
16.176430682	16.934621588	4.498059914	17.023161761
17.023161761	25.105053149	-4.012565982	18.278414419
18.278414419	22.416851363	1.102408126	19.399256987
19.399256987	25.317617454	2.702387346	20.665137859
20.665137859	23.759560448	-2.429307012	21.853115882
21.853115882	11.441951754	2.965886780	22.425213470
22.425213470	13.974031644	4.904717836	23.123915052
23.123915052	22.854072233	4.013084363	24.266618663
24.266618663	32.599030576	1.366044000	25.896570192
25.896570192	36.398493264	-1.442948290	27.716494855
27.716494855	26.257608384	2.456371927	29.029375275
29.029375275	24.184581400	3.623462528	30.238604345
30.238604345	31.805986746	-3.113631990	31.828903682
31.828903682	29.652967078	4.897517077	33.311552036
33.311552036	31.923336428	-2.378269162	34.907718857
34.907718857	19.095674075	-4.430705616	35.862502561
35.862502561	12.344510201	2.986042448	36.479728071
36.479728071	21.791496863	0.934324495	37.569302914
37.569302914	26.999978777	2.498583107	38.919301853
38.919301853	29.088282246	4.594343211	40.373715965
40.373715965	27.535114256	2.093872512	41.750471678
41.750471678	25.277371633	-2.785672657	43.014340260
43.014340260	23.377957673	-0.713811713	44.183238143
44.183238143	25.124566482	3.029632374	45.439466467
45.439466467	26.137844527	-1.575458802	46.746358694
46.746358694	14.802205770	3.240098704	47.486468982
47.486468982	16.004718804	-4.216131001	48.286704923
48.286704923	9.941595768	-0.414161863	48.783784711
48.783784711	13.959837985	2.548614814	49.481776610
49.481776610	22.770746541	-0.475951733	50.620313937
50.620313937	24.201670792	-0.259960734	51.830397477
51.830397477	19.190121961	4.046861603	52.789903575
52.789903575	17.279659404	-3.743586189	53.653886545
53.653886545	5.949094204	0.386272826	53.951341255
53.951341255	7.329280573	2.959669419	54.317805284
54.317805284	14.360495593	-3.422699301	55.035830064
55.035830064	12.442252492	4.058094960	55.657942688
55.657942688	23.777793990	2.318004091	56.846832388
56.846832388	29.964995402	-2.501493198	58.345082158
58.345082158	21.250049814	3.126105880	59.407584649
59.407584649	17.866657061	3.190891786	60.300917502
60.300917502	19.283499689	0.336533450	61.265092486
61.265092486	21.468093244	-1.334433561	62.338497148
62.338497148	23.523371960	4.388864774	63.514665746
63.514665746	31.070386608	3.910189543	65.068185077
65.068185077	30.210176141	-1.740101882	66.578693884
66.578693884	19.557645517	1.902278682	67.556576160
67.556576160	24.152136264	-2.099031483	68.764182973
68.764182973	24.763680977	-1.885557859	70.002367022
70.002367022	21.510841134	-0.735252115	71.077909078
71.077909078	13.289829659	4.318611166	71.742400561
71.742400561	12.815287622	4.202065143	72.383164942
72.383164942	14.930501088	-2.726902637	73.129689997
73.129689997	9.862595002	1.070941620	73.622819747
73.622819747	15.265830936	-3.148696017	74.386111294
74.386111294	14.892393739	0.742190888	75.130730981
75.130730981	19.843180935	-2.711863290	76.122890027
76.122890027	15.230693134	0.190159841	76.884424684
76.884424684	9.739164446	4.967534252	77.371382906
77.371382906	10.146997769	4.759890683	77.878732795
77.878732795	10.673558553	-4.675736747	78.412410723
78.412410723	-1.753051714	-0.482668513	78.324758137
78.324758137	-2.920597000	-3.320167068	78.178728287
78.178728287	-8.991514868	3.242378396	77.729152543
77.729152543	-5.080195160	-0.231176665	77.475142785
77.475142785	-9.329217533	-0.079281985	77.008681909
77.008681909	-13.904986091	-0.425950839	76.313432604
76.313432604	-19.402471566	2.582782605	75.343309026
75.343309026	-18.370206730	-2.797657738	74.424798689
74.424798689	-20.538639658	2.548914571	73.397866707
73.397866707	-9.227520839	-1.874986215	72.936490665
72.936490665	-5.368733364	2.701499563	72.668053996
72.668053996	3.569930237	0.190823222	72.846550508
72.846550508	5.839058611	1.724698447	73.138503439
73.138503439	11.304872081	4.147886867	73.703747043
73.703747043	21.453590119	3.593178061	74.776426549
74.776426549	31.211900221	1.736984239	76.337021560
76.337021560	34.586420106	0.605299905	78.066342565
78.066342565	27.102057712	3.558283673	79.421445451
79.421445451	27.149805165	-2.103972538	80.778935709
80.778935709	26.043485971	3.076984091	82.081110008
82.081110008	33.267456092	2.672845084	83.744482812
83.744482812	31.791746262	2.444731531	85.334070125
85.334070125	26.981025732	-3.010520766	86.683121412
86.683121412	22.678504465	-4.733721153	87.817046635
87.817046635	19.016454431	2.997765369	88.767869357
88.767869357	22.717008094	-2.923743382	89.903719761
89.903719761	11.298018961	0.538846111	90.468620709
90.468620709	5.001845658	-0.646940424	90.718712992
90.718712992	-0.461334606	-0.219686920	90.695646262
90.695646262	-2.915353493	-3.401663497	90.549878587
90.549878587	-10.287961892	-0.957980942	90.035480493
90.035480493	-13.970431988	-3.112549331	89.336958893
89.336958893	-22.918812555	-2.892676079	88.191018266
88.191018266	-31.368258644	1.382187106	86.622605334
86.622605334	-27.561603857	2.316064712	85.244525141
85.244525141	-15.057348264	2.821818168	84.491657727
84.491657727	-6.447068786	-3.077499832	84.169304288
84.169304288	-12.526897894	-4.198963562	83.542959393
83.542959393	-21.611589958	0.306974385	82.462379896
82.462379896	-25.004858704	-2.935459411	81.212136960
81.212136960	-31.588430476	-2.384504482	79.632715437
79.632715437	-29.411295349	2.875518397	78.162150669
78.162150669	-16.404307520	-3.228388356	77.341935293
77.341935293	-22.102596683	2.871162897	76.236805459
76.236805459	-21.249943715	2.400775432	75.174308273
75.174308273	-20.028710078	-2.833827917	74.172872769
74.172872769	-21.049311346	-3.234509657	73.120407202
73.120407202	-18.067494936	3.602369974	72.217032455
72.217032455	-5.741401174	2.587469310	71.929962396
71.929962396	-1.170028876	-2.219149514	71.871460953
71.871460953	-6.345323527	0.166887829	71.554194776
71.554194776	-7.650035690	-1.251240565	71.171692992
71.171692992	-12.775916358	1.132112115	70.532897174
70.532897174	-15.198180870	-4.968871422	69.772988130
69.772988130	-27.655799448	-2.606842926	68.390198158
68.390198158	-32.900586627	-1.979032687	66.745168827
66.745168827	-28.636573583	-2.132883504	65.313340148
65.313340148	-24.780026283	1.138710897	64.074338833
64.074338833	-24.402715619	-0.558828930	62.854203052
62.854203052	-28.835034883	-1.543011788	61.412451308
61.412451308	-28.579325469	-0.327541761	59.983485035
59.983485035	-20.049142308	3.773604747	58.981027920
58.981027920	-10.252853317	-0.430342994	58.468385254
58.468385254	-13.886843327	-0.670184930	57.774043087
57.774043087	-19.394404094	2.667745872	56.804322883
56.804322883	-19.165666737	3.428998402	55.846039546
55.846039546	-13.413846075	4.427625754	55.175347242
55.175347242	-0.927890832	3.479393924	55.128952700
55.128952700	11.058616869	0.402609404	55.681883544
55.681883544	16.707744659	3.379779620	56.517270777
56.517270777	25.102596990	-4.222854297	57.772400626
57.772400626	16.170542145	-4.910608976	58.580927733
58.580927733	0.819571832	-0.601691858	58.621906325
58.621906325	-6.093331543	-0.221379956	58.317239748
58.317239748	-11.194102582	3.959699670	57.757534619
57.757534619	-9.919043438	-0.814219742	57.261582447
57.261582447	-15.980482773	0.057420175	56.462558308
56.462558308	-18.351151785	-2.057843118	55.545000719
55.545000719	-19.161190628	-4.859077058	54.586941188
54.586941188	-19.519556527	0.070799233	53.610963361
53.610963361	-11.579931218	2.778484769	53.031966800
53.031966800	-4.655276201	-3.202057023	52.799202990
52.799202990	-11.351105696	-0.913627750	52.231647705
52.231647705	-15.140496589	4.752223424	51.474622876
51.474622876	-11.900793007	1.363061259	50.879583226
50.879583226	-14.360734114	1.195867394	50.161546520
50.161546520	-14.594644411	-0.670614913	49.431814299
49.431814299	-13.447800788	1.973688756	48.759424260
48.759424260	-4.223345424	-2.047112056	48.548256989
48.548256989	-0.523520497	3.553564126	48.522080964
48.522080964	11.598531807	0.853484589	49.102007554
49.102007554	17.886433451	4.218683055	49.996329227
49.996329227	28.479951266	1.824537098	51.420326790
51.420326790	30.237445396	-0.832760376	52.932199060
52.932199060	20.200015548	2.797442955	53.942199837
53.942199837	19.662430685	-3.554022792	54.925321372
54.925321372	15.293282593	1.884973179	55.689985501
55.689985501	22.957161437	-2.727024591	56.837843573
56.837843573	21.153595493	-1.446920884	57.895523348
57.895523348	14.942033972	2.073166027	58.642625046
58.642625046	10.466138614	-3.300592858	59.165931977
59.165931977	-1.372663627	3.753327264	59.097298796
59.097298796	1.728063097	-0.710676660	59.183701951
59.183701951	-3.311602726	-1.575593589	59.018121814
59.018121814	-8.320366451	3.003322458	58.602103492
58.602103492	-6.546793468	-3.545343897	58.274763818
58.274763818	-16.893820820	3.596509536	57.430072777
57.430072777	-15.725781872	-3.752486999	56.643783684
56.643783684	-24.854165963	4.482991741	55.401075385
55.401075385	-15.936895036	0.656621125	54.604230634
54.604230634	-7.478018152	0.992697557	54.230329726
54.230329726	0.872052819	0.793605403	54.273932367
54.273932367	6.437576827	4.913465087	54.595811208
54.595811208	18.166152485	-0.772473384	55.504118833
55.504118833	20.946062829	-4.520074360	56.551421974
56.551421974	17.183303737	2.035193311	57.410587161
57.410587161	18.588356146	-3.118057400	58.340004968
58.340004968	6.984869841	2.953011674	58.689248460
58.689248460	4.601840993	-4.715091505	58.919340510
58.919340510	-8.782512901	-2.707949727	58.480214865
58.480214865	-16.418217333	-0.302109599	57.659303998
57.659303998	-21.093839643	2.744101333	56.604612016
56.604612016	-20.308608824	-1.450471489	55.589181575
55.589181575	-20.884278541	-4.564657362	54.544967648
54.544967648	-20.780098060	0.167063598	53.505962745
53.505962745	-12.682138116	1.309592003	52.871855839
52.871855839	-8.624203760	-0.481637506	52.440645651
52.440645651	-11.592891003	-0.051569158	51.861001101
51.861001101	-15.594989989	-1.306000744	51.081251601
51.081251601	-22.328010684	-0.229870056	49.964851067
49.964851067	-25.049879807	0.276187723	48.712357077
48.712357077	-20.260830916	-4.279879648	47.699315531
47.699315531	-18.621675226	-2.088460594	46.768231770
46.768231770	-16.561285048	-3.906170858	45.940167517
45.940167517	-23.181702898	-3.563930021	44.781082372
44.781082372	-32.319903662	2.969622520	43.165087189
43.165087189	-29.039219840	-2.097020029	41.713126197
41.713126197	-24.888839917	-1.013409401	40.468684201
40.468684201	-19.175020423	-4.290815995	39.509933180
39.509933180	-26.262510421	-3.862036436	38.196807659
38.196807659	-35.879433592	-1.789736858	36.402835980
36.402835980	-38.254339020	3.344865140	34.490119029
34.490119029	-23.244712610	-4.602712933	33.327883398
33.327883398	-28.586926050	-1.508325870	31.898537096
31.898537096	-34.110550973	0.396491101	30.193009547
30.193009547	-33.121664041	3.770343893	28.536926345
28.536926345	-18.045164059	-1.716386099	27.634668142
27.634668142	-17.249131095	1.714291711	26.772211587
26.772211587	-16.539356342	3.701917462	25.945243770
25.945243770	-15.298466926	0.715420927	25.180320424
25.180320424	-17.150061353	3.741259356	24.322817356
24.322817356	-9.790980251	-2.161981651	23.833268344
23.833268344	-7.501096531	0.546673108	23.458213517
23.458213517	0.354301948	1.687966059	23.475928615
23.475928615	9.023241055	-1.741900334	23.927090667
23.927090667	11.530768289	2.626320954	24.503629082
24.503629082	20.290392670	-4.585249204	25.518148715
25.518148715	14.738783416	1.938554114	26.255087886
26.255087886	13.853796250	2.677889777	26.947777699
26.947777699	10.893483056	-3.652068820	27.492451851
27.492451851	-2.193881677	-4.476870536	27.382757767
27.382757767	-13.252119793	1.174610120	26.720151778
26.720151778	-14.893902088	-0.459409439	25.975456673
25.975456673	-20.359392513	1.562015477	24.957487048
24.957487048	-20.554628922	-4.490876165	23.929755602
23.929755602	-24.435438545	-0.783421140	22.707983674
22.707983674	-17.344218122	-0.268880471	21.840772768
21.840772768	-11.824065024	3.414221568	21.249569517
21.249569517	-6.103005775	-2.605889559	20.944419228
20.944419228	-13.683750783	1.139340024	20.260231689
20.260231689	-15.896451709	3.978507177	19.465409104
19.465409104	-14.212312388	4.408279632	18.754793484
18.754793484	-9.416237889	3.704248568	18.283981590
18.283981590	-1.911004894	2.323748992	18.188431345
18.188431345	5.537267290	3.146191813	18.465294710
18.465294710	13.630366829	3.424458100	19.146813051
19.146813051	19.924545359	-2.517092710	20.143040319
20.143040319	12.091249992	-0.783340652	20.747602819
20.747602819	3.462107131	-2.966191672	20.920708175
20.920708175	-7.732127873	-0.132492552	20.534101782
20.534101782	-12.552422789	1.248212942	19.906480642
19.906480642	-15.502337113	3.837555082	19.131363787
19.131363787	-13.340205593	-2.729988348	18.464353507
18.464353507	-17.956826054	-3.685843395	17.566512204
17.566512204	-19.532416514	1.021836539	16.589891379
16.589891379	-9.879035674	0.956250981	16.095939595
16.095939595	-2.375521654	-4.408227928	15.977163512
15.977163512	-6.468778086	0.346790572	15.653724608
15.653724608	-3.426087079	-4.926810307	15.482420254
15.482420254	-10.972921831	0.883673329	14.933774162
14.933774162	-9.774499847	3.225781525	14.445049170
14.445049170	-8.003692331	-3.770452284	14.044864553
14.044864553	-18.998586578	-3.732642909	13.094935225
13.094935225	-29.217835712	-2.998178836	11.634043439
11.634043439	-34.260795462	-1.966543283	9.921003666
9.921003666	-28.970801370	0.820299763	8.472463597
8.472463597	-21.837311115	0.071194235	7.380598042
7.380598042	-24.676149213	-2.358623558	6.146790581
6.146790581	-31.557310792	-2.555520006	4.568925041
4.568925041	-31.649733938	-4.280527798	2.986438345
2.986438345	-29.053835948	3.061631630	1.533746547
1.533746547	-22.371507814	-0.183037170	0.415171156
0.415171156	-26.728071194	-0.512627412	-0.921232403
-0.921232403	-27.447542374	1.971485288	-2.293609522
-2.293609522	-16.617269136	2.608024563	-3.124472979
-3.124472979	-6.050533394	-2.662313074	-3.426999649
-3.426999649	-9.349846363	-1.794353460	-3.894491967
-3.894491967	-12.874733628	2.600017523	-4.538228648
-4.538228648	-11.712837433	-3.849649879	-5.123870520
-5.123870520	-22.701027512	3.207464986	-6.258921895
-6.258921895	-21.172659661	-0.088900387	-7.317554878
-7.317554878	-19.329444108	-0.383979191	-8.284027084
-8.284027084	-12.532817264	2.293976983	-8.910667947
-8.910667947	-1.822033505	3.434941261	-9.001769622
-9.001769622	7.087061149	1.570654246	-8.647416565
-8.647416565	11.277719226	0.295466105	-8.083530603
-8.083530603	14.924430651	3.709456092	-7.337309071
-7.337309071	25.333888202	1.830743663	-6.070614661
-6.070614661	31.195925131	3.785878632	-4.510818404
-4.510818404	32.782049561	1.671187887	-2.871715926
-2.871715926	26.043719240	1.353709615	-1.569529964
-1.569529964	27.283670204	1.282395971	-0.205346454
-0.205346454	32.932928804	-3.021672154	1.441299986
1.441299986	26.277350562	4.919450119	2.755167514
2.755167514	25.156260491	0.188042507	4.012980539
4.012980539	20.577663637	-1.296943062	5.041863721
5.041863721	21.288783172	-0.860801543	6.106302879
6.106302879	23.765337886	-3.507639677	7.294569774
7.294569774	16.991329686	0.609487551	8.144136258
8.144136258	10.834750489	-0.800064480	8.685873782
8.685873782	2.314732854	-4.777284885	8.801610425
8.801610425	-9.897627852	1.857568992	8.306729032
8.306729032	-9.537876130	-3.772278706	7.829835226
7.829835226	-20.058617800	0.834063146	6.826904336
6.826904336	-23.025507734	-2.965661756	5.675628949
5.675628949	-28.655120087	2.002894376	4.242872945
4.242872945	-19.091474904	-0.041736029	3.288299200
3.288299200	-11.574230731	4.247408135	2.709587663
2.709587663	-2.695453574	-2.455618977	2.574814984
2.574814984	-8.723621452	-2.024252847	2.138633912
2.138633912	-14.279387424	-3.818073707	1.424664541
1.424664541	-24.091905509	0.905205476	0.220069265
0.220069265	-26.519604265	1.383553207	-1.105910948
-1.105910948	-23.106616296	3.805385976	-2.261241763
-2.261241763	-9.165424616	-2.461113791	-2.719512994
-2.719512994	-7.106947441	-1.178993575	-3.074860366
-3.074860366	-5.498974700	-4.206584170	-3.349809101
-3.349809101	-10.963440077	1.150157250	-3.897981105
-3.897981105	-9.239870324	1.783769723	-4.359974621
-4.359974621	-9.703864263	-3.251034910	-4.845167834
-4.845167834	-19.638137147	4.825897893	-5.827074691
-5.827074691	-16.310804258	2.802245797	-6.642614904
-6.642614904	-12.985734081	-0.162730488	-7.291901608
-7.291901608	-9.617916621	-3.997653569	-7.772797439
-7.772797439	-9.460510484	1.043068437	-8.245822964
-8.245822964	-0.438345041	-1.070270021	-8.267740216
-8.267740216	3.992732598	-1.061159921	-8.068103586
-8.068103586	7.512486291	-3.638868458	-7.692479271
-7.692479271	7.051169691	-2.820310699	-7.339920787
-7.339920787	7.980681851	0.988208906	-6.940886694
-6.940886694	14.082461633	2.005330726	-6.236763612
-6.236763612	19.597606125	-3.325581425	-5.256883306
-5.256883306	12.079150124	1.605983559	-4.652925800
-4.652925800	7.881065480	0.028243835	-4.258872526
-4.258872526	0.675860215	0.379877201	-4.225079515
-4.225079515	-4.702556133	0.367683219	-4.460207322
-4.460207322	-9.047035653	1.784824540	-4.912559104
-4.912559104	-11.308473271	-1.419200860	-5.477982768
-5.477982768	-18.479863130	0.968885249	-6.401975924
-6.401975924	-19.615591625	2.396119625	-7.382755506
-7.382755506	-13.101852882	0.182815803	-8.037848150
-8.037848150	-5.773653561	2.679628783	-8.326530828
-8.326530828	5.406012443	3.009945558	-8.056230206
-8.056230206	15.042622304	-4.252685550	-7.304099090
-7.304099090	12.955912888	2.650051483	-6.656303446
-6.656303446	21.110279001	3.960434916	-5.600789496
-5.600789496	27.511011999	-4.294579553	-4.225238896
-4.225238896	14.068046810	4.718200730	-3.521836556
-3.521836556	14.407653434	1.851729969	-2.801453884
-2.801453884	13.446074425	-1.463522129	-2.129150163
-2.129150163	11.808573674	2.256425455	-1.538721479
-1.538721479	19.418629461	3.846818943	-0.567790006
-0.567790006	29.803409405	2.965585875	0.922380464
0.922380464	34.954039781	4.281090785	2.670082453
2.670082453	33.279771248	4.519351676	4.334071016
4.334071016	34.295901409	-1.272511979	6.048866086
6.048866086	34.851185310	1.052128951	7.791425352
7.791425352	34.609226697	-1.657235950	9.521886687
9.521886687	22.356646425	0.268518759	10.639719008
10.639719008	21.148919184	4.332023382	11.697164967
11.697164967	31.749078008	4.573949263	13.284618868
13.284618868	40.682633434	-4.424164944	15.318750539
15.318750539	25.681106994	-4.443015873	16.602805889
16.602805889	13.755600989	4.536770185	17.290585938
17.290585938	24.347761277	0.030051951	18.507974002
18.507974002	28.290324672	2.580616581	19.922490236
19.922490236	31.690218249	3.905068324	21.507001148
21.507001148	29.202118817	-3.984185241	22.967107089
22.967107089	17.139169480	-2.153760310	23.824065563
23.824065563	17.209248083	4.225044973	24.684527967
24.684527967	28.174565279	1.319949505	26.093256231
26.093256231	30.223561084	-3.400812114	27.604434286
27.604434286	16.750108506	-3.346815095	28.441939711
28.441939711	5.824649349	0.738028692	28.733172178
28.733172178	7.279725457	1.296079567	29.097158451
29.097158451	11.225936008	3.632264817	29.658455252
29.658455252	20.325310285	-2.471585179	30.674720766
30.674720766	20.584950293	-4.898275437	31.703968280
31.703968280	15.062595197	-2.216718692	32.457098040
32.457098040	8.193605582	-2.303452988	32.866778319
32.866778319	-1.852561125	2.025230340	32.774150263
32.774150263	-4.535712727	-1.466056530	32.547364627
32.547364627	-12.372309363	4.370803848	31.928749159
31.928749159	-9.868185273	-3.146194754	31.435339895
31.435339895	-16.793486890	-2.164554864	30.595665551
30.595665551	-18.576984663	-3.147107606	29.666816317
29.666816317	-17.003511632	4.473759180	28.816640736
28.816640736	-1.988396006	1.449416725	28.717220935
28.717220935	3.966712032	-3.568102183	28.915556537
28.915556537	0.469261496	-0.661601728	28.939019612
28.939019612	2.928278075	-0.348660565	29.085433516
29.085433516	5.776604164	-1.085696370	29.374263724
29.374263724	7.893929800	4.898834533	29.768960214
29.768960214	20.282946482	-2.690114407	30.783107538
30.783107538	20.294121979	4.351531155	31.797813637
31.797813637	28.816461231	4.477640661	33.238636698
33.238636698	30.682585253	-0.319504451	34.772765961
34.772765961	21.073201939	-4.852179133	35.826426058
35.826426058	12.663750498	1.744988442	36.459613583
36.459613583	20.066405346	2.802023371	37.462933850
37.462933850	28.409610391	-2.076862380	38.883414370
38.883414370	23.835787607	3.699761803	40.075203750
40.075203750	21.428515549	-3.795991231	41.146629527
41.146629527	8.922167390	4.071090552	41.592737897
41.592737897	16.190156240	-4.728411707	42.402245709
42.402245709	11.379403653	3.684881163	42.971215892
42.971215892	22.233652725	3.974982823	44.082898528
44.082898528	31.606811396	0.061311288	45.663239098
45.663239098	27.996515941	0.203136359	47.063064895
47.063064895	19.288981330	3.248585624	48.027513961
48.027513961	22.046921173	4.698705703	49.129860020
49.129860020	32.184487538	0.812353423	50.739084397
50.739084397	36.066096840	-4.164657929	52.542389239
52.542389239	23.162678272	2.651839567	53.700523152
53.700523152	20.212123638	-3.921860992	54.711129334
54.711129334	13.821052859	-0.902687389	55.402181977
55.402181977	17.018014444	1.721444097	56.253082699
56.253082699	23.718539093	4.498463889	57.439009654
57.439009654	30.268951820	-0.937115723	58.952457245
58.952457245	20.932791922	-1.855827776	59.999096841
59.999096841	11.650134068	3.786609763	60.581603545
60.581603545	18.243513686	4.410132668	61.493779229
61.493779229	28.220043959	-3.162605881	62.904781427
62.904781427	26.624114907	3.922739293	64.235987172
64.235987172	29.708032850	4.814104658	65.721388815
65.721388815	28.148137893	-3.307858153	67.128795709
67.128795709	18.608241165	-1.883860865	68.059207768
68.059207768	19.518670880	1.508312567	69.035141311
69.035141311	25.400589347	1.604577276	70.305170779
70.305170779	25.912794900	4.666124926	71.600810524
71.600810524	24.825271139	-1.889869321	72.842074081
72.842074081	15.536930969	-2.635303487	73.618920629
73.618920629	13.252019584	2.918638756	74.281521608
74.281521608	22.596622846	4.007422151	75.411352751
75.411352751	32.311992902	0.534337062	77.026952396
77.026952396	29.933872797	3.542379729	78.523646036
78.523646036	26.276675778	-1.708539982	79.837479825
79.837479825	20.893261564	0.942908536	80.882142903
80.882142903	26.347699606	-2.518885359	82.199527883
82.199527883	24.313785585	-4.334291969	83.415217162
83.415217162	11.950526847	1.254353783	84.012743505
84.012743505	6.381210424	-1.288528155	84.331804026
84.331804026	-1.031057356	4.424988742	84.280251158
84.280251158	3.278254468	4.394188709	84.444163881
84.444163881	6.395602561	-2.882786652	84.763944009
84.763944009	-1.285224729	1.316207453	84.699682773
84.699682773	0.764241390	-1.097352954	84.737894843
84.737894843	-2.044140816	0.874200192	84.635687802
84.635687802	-0.785880791	-3.947374733	84.596393762
84.596393762	-7.863026697	2.783008901	84.203242427
84.203242427	-3.962949613	3.790664014	84.005094947
84.005094947	-1.077791944	4.762382646	83.951205349
83.951205349	2.136386980	-1.887039175	84.058024698
84.058024698	-6.095522997	3.599985916	83.753248549
83.753248549	-4.024421893	-2.421070156	83.552027454
83.552027454	-12.774616278	4.854449149	82.913296640
82.913296640	-9.791889719	0.655542354	82.423702154
82.423702154	-13.603078419	-1.731693151	81.743548233
81.743548233	-19.139437846	2.996608375	80.786576341
80.786576341	-12.864883618	2.769841920	80.143332160
80.143332160	-2.189770858	0.153936931	80.033843617
80.033843617	4.799191762	-4.717573798	80.273803205
80.273803205	3.010388631	-1.090812885	80.424322637
80.424322637	7.020743924	-3.220276645	80.775359833
80.775359833	7.097846411	-2.091938450	81.130252153
81.130252153	7.905894403	0.353808917	81.525546874
81.525546874	10.824159992	4.978842782	82.066754873
82.066754873	18.427293741	-4.584257661	82.988119560
82.988119560	6.952987932	2.345850141	83.335768957
83.335768957	3.683898931	-4.488890962	83.519963903
83.519963903	-10.238262574	0.519950272	83.008050775
83.008050775	-14.356883964	1.021466271	82.290206577
82.290206577	-17.355019358	-1.993677115	81.422455609
81.422455609	-22.309265385	-4.581224297	80.306992339
80.306992339	-25.658612484	-1.046495262	79.024061715
79.024061715	-18.570337602	1.475529858	78.095544835
78.095544835	-11.406094713	-3.018007707	77.525240099
77.525240099	-17.607519008	2.131639732	76.644864149
76.644864149	-17.803137961	2.189394881	75.754707251
75.754707251	-18.513614150	3.476267092	74.829026543
74.829026543	-13.353006629	-0.834332710	74.161376212
74.161376212	-9.825893930	3.635929549	73.670081516
73.670081516	2.978820174	3.754038623	73.819022524
73.819022524	14.617669012	2.485203201	74.549905975
74.549905975	23.294667835	3.367520499	75.714639367
75.714639367	31.003020621	3.498718814	77.264790398
77.264790398	31.521939134	0.360025748	78.840887354
78.840887354	22.980908118	-0.792868010	79.989932760
79.989932760	21.308640578	-1.663897712	81.055364789
81.055364789	22.814165657	4.003400045	82.196073072
82.196073072	30.528318516	-2.644780434	83.722488998
83.722488998	20.283736776	2.240848449	84.736675837
84.736675837	16.120400863	0.846916130	85.542695880
85.542695880	15.224700474	1.154770711	86.303930903
86.303930903	19.601949984	-2.487968167	87.284028403
87.284028403	19.984968073	-4.964452395	88.283276806
88.283276806	14.122128273	0.437874917	88.989383220
88.989383220	11.327825933	4.138438752	89.555774517
89.555774517	11.185032162	2.701321876	90.115026125
90.115026125	7.877683764	-4.050439302	90.508910313
90.508910313	-4.721375556	1.494668080	90.272841535
90.272841535	-5.262699173	1.575214077	90.009706576
90.009706576	-6.751871548	1.196819921	89.672112999
89.672112999	-9.646443101	3.747476199	89.189790844
89.189790844	-8.908188275	0.657321466	88.744381430
88.744381430	-12.781668370	3.455176755	88.105298012
88.105298012	-10.405526435	-4.624161485	87.585021690
87.585021690	-17.393685752	-4.558452040	86.715337402
86.715337402	-20.425188892	-3.030519611	85.694077958
85.694077958	-17.129102956	-2.690100513	84.837622810
84.837622810	-14.753885370	2.668623763	84.099928542
84.099928542	-8.903959292	1.669425432	83.654730577
83.654730577	-9.422482173	1.585680416	83.183606468
83.183606468	-11.658367490	1.028653375	82.600688094
82.600688094	-15.059764586	-0.337335258	81.847699865
81.847699865	-19.025338940	2.259588458	80.896432918
80.896432918	-14.573502016	4.460550298	80.167757817
80.167757817	-1.549042711	4.695380121	80.090305681
80.090305681	12.518094021	-3.826230797	80.716210382
80.716210382	11.456014893	4.984135586	81.289011127
81.289011127	23.223694610	-3.114223965	82.450195857
82.450195857	18.421098126	0.952697807	83.371250764
83.371250764	13.638124136	0.738855269	84.053156970
84.053156970	7.067629098	-3.860342385	84.406538425
84.406538425	-4.271391733	0.586764111	84.192968839
84.192968839	-5.283788032	-4.246891274	83.928779437
83.928779437	-14.973888004	-0.745965344	83.180085037
83.180085037	-19.492294420	3.699107733	82.205470316
82.205470316	-17.989391958	1.826980429	81.306000718
81.306000718	-16.426232317	-3.279226682	80.484689102
80.484689102	-17.557067230	3.001396844	79.606835741
79.606835741	-5.144640444	-0.711993071	79.349603718
79.349603718	-0.033890920	4.354201140	79.347909172
79.347909172	11.628479986	4.806990364	79.929333172
79.929333172	22.475505711	-0.364429090	81.053108457
81.053108457	25.862534639	-2.152537914	82.346235189
82.346235189	23.632977232	1.813597549	83.527884051
83.527884051	20.231315587	2.986203083	84.539449830
84.539449830	16.797704063	-2.950778542	85.379335033
85.379335033	8.645776750	0.417990728	85.811623871
85.811623871	11.626424548	3.398407102	86.392945098
86.392945098	20.967649541	3.778014186	87.441327575
87.441327575	31.108504400	1.065443483	88.996752795
88.996752795	32.913192053	1.812041841	90.642412398
90.642412398	27.151146185	-3.697578324	91.999969707
91.999969707	15.837451802	-1.588531767	92.791842297
92.791842297	16.605056846	4.642243248	93.622095140
93.622095140	28.454870926	0.230085317	95.044838686
95.044838686	29.726664500	-1.079341311	96.531171911
96.531171911	20.607002689	-2.595156752	97.561522045
97.561522045	9.660150185	3.641440948	98.044529555
98.044529555	15.365802623	2.367109577	98.812819686
98.812819686	21.322080834	-3.158724438	99.878923727
99.878923727	20.452893899	4.467282696	100.901568422
100.901568422	29.240254618	1.085654370	102.363581153
102.363581153	25.799884772	0.329225590	103.653575392
103.653575392	17.664707939	0.098983781	104.536810789
104.536810789	15.878886793	3.028664864	105.330755128
105.330755128	23.785511925	-4.329105397	106.520030725
106.520030725	20.898951912	0.987889179	107.564978320
107.564978320	22.172166795	4.581887417	108.673586660
108.673586660	22.842765281	4.828807859	109.815724924
109.815724924	22.095651320	1.792129502	110.920507490
110.920507490	21.813560465	-3.946153273	112.011185513
112.011185513	18.605362764	1.407827045	112.941453652
112.941453652	24.502957728	-2.678999782	114.166601538
114.166601538	18.835204758	-4.704712551	115.108361776
115.108361776	3.970314692	-0.738692196	115.306877511
115.306877511	-3.499145471	-4.274844720	115.131920237
115.131920237	-14.743047186	-2.515757537	114.394767878
114.394767878	-22.789789990	3.539724149	113.255278378
113.255278378	-21.023613176	-3.135073117	112.204097719
112.204097719	-24.824961245	0.394908909	110.962849657
110.962849657	-16.818439003	-3.254988124	110.121927707
110.121927707	-14.852485530	3.514389069	109.379303430
109.379303430	-6.710947409	-4.672428003	109.043756060
109.043756060	-16.663528799	-0.864082822	108.210579620
108.210579620	-21.285612432	-0.755625338	107.146298998
107.146298998	-26.548680110	-3.972434361	105.818864993
105.818864993	-32.237563744	-0.757076257	104.206986806
104.206986806	-25.000064018	1.724207726	102.956983605
102.956983605	-16.591179247	-0.308655602	102.127424642
102.127424642	-19.495504694	-2.739047976	101.152649408
101.152649408	-28.132303835	0.006195729	99.746034216
99.746034216	-29.040911403	-0.281809373	98.293988646
98.293988646	-22.177394255	-2.165375676	97.185118933
97.185118933	-18.390342455	-2.212415913	96.265601810
96.265601810	-21.264527075	1.027867622	95.202375457
95.202375457	-23.199557071	1.811114705	94.042397603
94.042397603	-23.188063442	2.811954007	92.882994431
92.882994431	-15.160193490	3.811683184	92.124984756
92.124984756	-1.385134564	-2.222872675	92.055728028
92.055728028	0.858694124	2.333660945	92.098662734
92.098662734	9.351546121	3.035946264	92.566240041
92.566240041	18.340127604	1.489822226	93.483246421
93.483246421	25.079229803	-0.486381388	94.737207911
94.737207911	26.200064893	2.071876098	96.047211156
96.047211156	23.901646313	4.076446461	97.242293471
97.242293471	21.779330974	-4.125272378	98.331260020
98.331260020	12.174843009	-0.764899469	98.940002170
98.940002170	14.750981648	-0.037638610	99.677551253
99.677551253	19.447145127	-0.716676020	100.649908509
100.649908509	21.098428859	-1.797933457	101.704829952
101.704829952	15.391509865	1.114994767	102.474405445
102.474405445	9.701715997	1.532580520	102.959491245
102.959491245	5.121514135	-0.564961581	103.215566952
103.215566952	-0.595623260	-4.373801980	103.185785789
103.185785789	-9.971485840	-3.971816325	102.687211497
102.687211497	-18.041595524	1.211491897	101.785131721
101.785131721	-19.545677223	1.246236072	100.807847860
100.807847860	-21.598166349	-2.964396223	99.727939542
99.727939542	-25.812747800	-4.813189940	98.437302152
98.437302152	-26.285451891	1.383433300	97.123029558
97.123029558	-16.041833045	-1.070400974	96.320937905
96.320937905	-17.711926896	-0.211765988	95.435341560
95.435341560	-21.755546001	-1.375346827	94.347564260
94.347564260	-27.588688718	-1.064165857	92.968129825
92.968129825	-27.179788250	-2.255258872	91.609140412
91.609140412	-22.000571520	0.550867665	90.509111836
90.509111836	-15.878810416	2.327698533	89.715171315
89.715171315	-14.108021552	-2.610900451	89.009770238
89.009770238	-22.926844587	-2.827802496	87.863428008
87.863428008	-30.544800993	2.165880468	86.336187959
86.336187959	-23.523396102	2.541750255	85.160018153
85.160018153	-10.872297028	0.279654842	84.616403302
84.616403302	-7.131386557	-0.327614337	84.259833974
84.259833974	-8.065752941	2.311376032	83.856546327
83.856546327	-6.842387693	-4.702170559	83.514426942
83.514426942	-18.584997245	-4.951279520	82.585177080
82.585177080	-30.568923891	0.469683093	81.056730886
81.056730886	-31.813949797	-1.978184996	79.466033396
79.466033396	-28.139932824	3.092165837	78.059036755
78.059036755	-15.466007550	2.429212504	77.285736377
77.285736377	-12.942451886	-3.436430713	76.638613783
76.638613783	-22.951822096	3.802199772	75.491022678
75.491022678	-20.651181273	2.533800731	74.458463614
74.458463614	-15.161980701	-2.072734379	73.700364579
73.700364579	-11.724465274	-1.810139935	73.114141316
73.114141316	-7.016725642	0.039830094	72.763305034
72.763305034	-1.310780211	-0.422947123	72.697766023
72.697766023	1.443947963	-1.962415658	72.769963421
72.769963421	0.688157818	-1.946864686	72.804371312
72.804371312	0.429642296	2.967454756	72.825853427
72.825853427	8.110806221	-3.671925154	73.231393738
73.231393738	4.775865697	2.538690716	73.470187023
73.470187023	13.330870258	1.545375346	74.136730536
74.136730536	20.246595492	2.271011884	75.149060310
75.149060310	27.782228769	4.020760015	76.538171749
76.538171749	32.934382579	3.295737185	78.184890878
78.184890878	29.186797732	3.251753306	79.644230764
79.644230764	29.250558435	-4.653659987	81.106758686
81.106758686	24.712775123	1.417491808	82.342397442
82.342397442	27.921755011	0.094085814	83.738485193
83.738485193	21.450093150	1.631488915	84.810989850
84.810989850	16.270258581	2.425224524	85.624502779
85.624502779	18.312164929	0.426164119	86.540111026
86.540111026	21.640776068	-3.919325148	87.622149829
87.622149829	19.547717667	3.540597949	88.599535712
88.599535712	25.246838648	1.235518010	89.861877645
89.861877645	20.941514097	2.448338730	90.908953350
90.908953350	16.693431546	-1.227604325	91.743624927
91.743624927	11.790407428	0.498899205	92.333145298
92.333145298	15.039831255	0.984272224	93.085136861
93.085136861	20.948844086	1.968783264	94.132579065
94.132579065	27.727012504	2.664921447	95.518929691
95.518929691	29.920118467	2.023157548	97.014935614
97.014935614	24.145665217	-2.309576127	98.222218875
98.222218875	15.799896301	2.713625072	99.012213690
99.012213690	23.086981329	1.982817993	100.166562756
100.166562756	30.205759374	-2.206796644	101.676850725
101.676850725	26.039651855	-2.142835046	102.978833318
102.978833318	14.341465070	0.575878152	103.695906571
103.695906571	9.684671240	-1.525860672	104.180140133
104.180140133	6.326615035	0.768293032	104.496470885
104.496470885	9.800877609	-0.125286984	104.986514765
104.986514765	13.123052813	-4.670912834	105.642667406
105.642667406	10.472320687	-4.759732654	106.166283440
106.166283440	7.629935274	-2.490384623	106.547780204
106.547780204	6.603905579	-2.294480062	106.877975483
106.877975483	3.828681973	1.115736081	107.069409582
107.069409582	4.600159154	-0.474413736	107.299417539
107.299417539	1.609428684	1.147818911	107.379888974
107.379888974	0.086883354	0.057633490	107.384233141
107.384233141	-3.453294363	1.060352982	107.211568423
107.211568423	-4.648111311	-4.404713929	106.979162858
106.979162858	-13.366612124	-0.944426159	106.310832252
106.310832252	-14.453575341	0.192975855	105.588153484
105.588153484	-9.569696029	4.382617685	105.109668683
105.109668683	4.363576007	0.889087033	105.327847483
105.327847483	11.394003386	0.864294215	105.897547653
105.897547653	17.788582797	2.613352160	106.786976793
106.786976793	25.078710618	1.894948632	108.040912323
108.040912323	25.743942323	-2.124740600	109.328109440
109.328109440	13.909175935	3.071905755	110.023568236
110.023568236	13.546381511	1.382781333	110.700887312
110.700887312	14.697121109	1.455644083	111.435743367
111.435743367	19.714434170	2.454983307	112.421465076
112.421465076	27.860889460	3.874550781	113.814509549
113.814509549	35.170019997	-4.573703182	115.573010549
115.573010549	20.432941207	1.532511423	116.594657609
116.594657609	16.870843227	0.208483406	117.438199770
117.438199770	17.648353591	3.696140851	118.320617450
118.320617450	27.527241464	-2.650977792	119.696979523
119.696979523	26.161806534	4.379376643	121.005069850
121.005069850	28.499820274	-0.877210720	122.430060864
122.430060864	18.018857091	-1.107250546	123.331003718
123.331003718	13.843391627	-4.118648361	124.023173299
124.023173299	10.457348771	2.084507915	124.546040738
124.546040738	18.862233067	-1.050129399	125.489152391
125.489152391	20.960977596	-3.444714161	126.537201271
126.537201271	14.523024759	-1.358297013	127.263352509
127.263352509	6.004624316	1.599697190	127.563583725
127.563583725	1.430726992	-0.491073435	127.635120075
127.635120075	-5.684793346	-3.196939392	127.350880407
127.350880407	-15.782582134	0.958669456	126.561751301
126.561751301	-18.896201864	-2.136228685	125.616941207
125.616941207	-25.264376584	0.521388076	124.353722378
124.353722378	-21.645714889	-1.493828107	123.271436634
123.271436634	-15.713190184	1.527312009	122.485777125
122.485777125	-7.361882254	1.052507855	122.117683012
122.117683012	-5.038668511	-0.395660065	121.865749586
121.865749586	-7.457652317	-2.718583657	121.492866970
121.492866970	-14.682175341	-2.732106793	120.758758203
120.758758203	-22.838055658	-4.343780010	119.616855420
119.616855420	-33.584185090	2.522566048	117.937646166
117.937646166	-27.846142439	-3.311998099	116.545339044
116.545339044	-24.054913174	-3.492603409	115.342593385
115.342593385	-25.247670300	-1.558806630	114.080209870
114.080209870	-30.131186635	-3.392358577	112.573650539
112.573650539	-37.782831026	4.295503765	110.684508987
110.684508987	-24.241804739	-3.540710819	109.472418750
109.472418750	-23.192156005	3.824861729	108.312810950
108.312810950	-17.794732548	-3.115462131	107.423074323
107.423074323	-27.161763599	-4.452358739	106.064986143
106.064986143	-35.103832810	4.707420095	104.309794502
104.309794502	-20.012239252	-3.948929309	103.309182540
103.309182540	-20.432367395	0.133003495	102.287564170
102.287564170	-20.398514324	2.899477964	101.267638454
101.267638454	-19.979636361	0.750701670	100.268656636
100.268656636	-21.013542069	-4.849805782	99.217979532
99.217979532	-24.881061828	-0.979060939	97.973926441
97.973926441	-17.843837051	-3.812695949	97.081734588
97.081734588	-18.516793292	-2.925934352	96.155894924
96.155894924	-23.133333818	-4.627597444	94.999228233
94.999228233	-34.060115692	-0.379158070	93.296222448
93.296222448	-35.676556075	-1.476105575	91.512394644
91.512394644	-29.416767053	3.384029064	90.041556292
90.041556292	-18.722697559	2.378073776	89.105421414
89.105421414	-18.590847458	-3.079687340	88.175879041
88.175879041	-27.271654422	0.271601757	86.812296320
86.812296320	-25.485825508	-4.980363546	85.538005044
85.538005044	-25.023795990	-2.160491137	84.286815245
84.286815245	-21.798498960	2.884791334	83.196890297
83.196890297	-18.296034403	0.937538584	82.282088577
82.282088577	-21.250479622	-3.681283093	81.219564596
81.219564596	-28.467280459	-3.206499834	79.796200573
79.796200573	-27.904859902	-3.747180538	78.400957578
78.400957578	-25.050847939	1.152216915	77.148415181
77.148415181	-21.628836412	0.623944560	76.066973360
76.066973360	-24.685798368	1.544693512	74.832683442
74.832683442	-23.721416606	-1.969193241	73.646612611
73.646612611	-21.068518877	-1.776333249	72.593186668
72.593186668	-15.521433937	-0.132610642	71.817114971
71.817114971	-12.014601583	-3.110374068	71.216384892
71.216384892	-18.279554031	3.426677226	70.302407190
70.302407190	-16.461945035	-2.329596901	69.479309938
69.479309938	-24.270310011	-3.777860899	68.265794438
68.265794438	-30.048292957	-3.057100179	66.763379790
66.763379790	-27.181287970	1.390528593	65.404315391
65.404315391	-17.832110350	1.288415686	64.512709874
64.512709874	-17.373284737	0.869622072	63.644045637
63.644045637	-20.488764791	3.519546448	62.619607397
62.619607397	-17.463198047	-1.168241496	61.746447495
61.746447495	-16.166353565	2.900955211	60.938129817
60.938129817	-4.329458520	-1.724061012	60.721656891
60.721656891	-0.425315911	-2.850235192	60.700391095
60.700391095	0.787026670	-3.194239473	60.739742429
60.739742429	0.805480748	-3.161044009	60.780016466
60.780016466	1.002492767	-2.485415478	60.830141105
60.830141105	2.366653175	1.822206405	60.948473763
60.948473763	10.522687291	0.992558739	61.474608128
61.474608128	16.913594666	2.261725883	62.320287861
62.320287861	24.889888369	4.371740887	63.564782280
63.564782280	32.388191474	2.366472048	65.184191853
65.184191853	28.741377716	-0.520540215	66.621260739
66.621260739	20.623553250	4.408492094	67.652438402
67.652438402	29.281887746	-2.720805882	69.116532789
69.116532789	28.418898115	1.031795542	70.537477695
70.537477695	27.245890937	-1.605126057	71.899772242
71.899772242	15.792846767	0.454390893	72.689414580
72.689414580	12.647129814	-0.146625460	73.321771071
73.321771071	13.694326830	-4.646380805	74.006487412
74.006487412	10.447625070	-4.472161439	74.528868666
74.528868666	8.455696802	4.292731821	74.951653506
74.951653506	19.037166748	-2.546988559	75.903511843
75.903511843	15.814748089	-3.152518477	76.694249248
76.694249248	6.143226498	0.337610914	77.001410572
77.001410572	-0.193725367	2.058098012	76.991724304
76.991724304	-3.016065753	2.647261968	76.840921016
76.840921016	-4.660295023	-4.599822143	76.607906265
76.607906265	-17.504791430	3.669883296	75.732666694
75.732666694	-15.835154043	4.363084599	74.940908992
74.940908992	-9.389078230	-3.069999624	74.471455080
74.471455080	-10.349079304	3.593733283	73.954001115
73.954001115	1.519808139	-0.849101124	74.029991522
74.029991522	6.077426096	2.645309404	74.333862827
74.333862827	15.643425354	-4.021579217	75.116034094
75.116034094	13.202149483	2.823380634	75.776141569
75.776141569	17.980353977	-2.757971607	76.675159267
76.675159267	9.461990464	-1.122948682	77.148258791
77.148258791	0.564041120	-4.649263807	77.176460847
77.176460847	-13.251317039	3.027325502	76.513894995
76.513894995	-13.245821958	-3.096632053	75.851603897
75.851603897	-22.364719548	2.581806234	74.733367919
74.733367919	-18.827770412	2.334477001	73.791979399
73.791979399	-9.333115472	-1.732987421	73.325323625
73.325323625	-4.671600085	-4.133275273	73.091743621
73.091743621	-4.979033882	-3.662216923	72.842791927
72.842791927	-5.372067754	-3.281702404	72.574188539
72.574188539	-6.320252779	-4.647687293	72.258175900
72.258175900	-10.853595553	-2.142170666	71.715496122
71.715496122	-13.002359048	-1.922077217	71.065378170
71.065378170	-17.875839084	-3.350277321	70.171586216
70.171586216	-27.171782831	3.587151157	68.812997074
68.812997074	-24.355467662	-4.816373635	67.595223691
67.595223691	-27.629564840	0.954661690	66.213745449
66.213745449	-17.103942416	0.769603709	65.358548328
65.358548328	-12.618877461	-3.290126511	64.727604455
64.727604455	-20.068531369	0.098739726	63.724177887
63.724177887	-23.862265477	2.561698884	62.531064613
62.531064613	-22.373654928	-0.372618197	61.412381867
61.412381867	-18.844149414	-4.497090640	60.470174396
60.470174396	-17.744902311	0.731322047	59.582929280
59.582929280	-10.323788480	-1.152839321	59.066739856
59.066739856	-11.650556121	-4.751541396	58.484212050
58.484212050	-21.529882861	3.687788696	57.407717907
57.407717907	-19.462853563	3.109969194	56.434575229
56.434575229	-17.371993088	-0.010325255	55.565975575
55.565975575	-14.873749073	0.939361434	54.822288121
54.822288121	-6.569546144	-4.744599151	54.493810814
54.493810814	-6.964805565	-1.232431131	54.145570536
54.145570536	-2.450252261	-2.971010994	54.023057923
54.023057923	-2.413823132	1.317444085	53.902366766
53.902366766	3.761308283	-1.410888582	54.090432180
54.090432180	3.970295559	-0.476237522	54.288946958
54.288946958	6.616647997	-0.207285847	54.619779358
54.619779358	10.336308367	-2.550491449	55.136594776
55.136594776	11.076985273	-2.272317633	55.690444040
55.690444040	12.510009587	-1.820641089	56.315944519
56.315944519	13.067258967	0.343998369	56.969307468
56.969307468	13.655958266	-3.914412944	57.652105381
57.652105381	3.458104046	1.947459923	57.825010583
57.825010583	0.334377346	-0.854371203	57.841729451
57.841729451	-7.321263749	-1.088482395	57.475666263
57.475666263	-14.214258851	3.519762581	56.764953321
56.764953321	-12.218826485	-0.678929087	56.154011996
56.154011996	-13.309173257	-2.160565622	55.488553333
55.488553333	-12.847570485	-3.099504964	54.846174809
54.846174809	-10.821971529	-0.684377547	54.305076233
54.305076233	-4.428419282	2.095892157	54.083655269
54.083655269	4.442417852	4.063350696	54.305776161
54.305776161	14.152794725	4.632415649	55.013415897
55.013415897	24.874962866	-4.141506989	56.257164041
56.257164041	22.205839271	-4.783145955	57.367456004
57.367456004	14.269565577	0.713211501	58.080934283
58.080934283	9.260925587	1.123223387	58.543980562
58.543980562	3.647595988	-4.260811121	58.726360362
58.726360362	-9.373939946	1.951520647	58.257663365
58.257663365	-10.415627943	-1.944893387	57.736881967
57.736881967	-18.559802083	0.296573206	56.808891863
56.808891863	-22.051644070	-2.351633448	55.706309660
55.706309660	-25.160360295	1.389478204	54.448291645
54.448291645	-15.767300525	3.767770399	53.659926619
53.659926619	-2.738558397	0.736438576	53.522998699
53.522998699	0.482551777	-1.331406814	53.547126288
53.547126288	-1.161021380	1.106325169	53.489075219
53.489075219	1.801845358	-3.878495168	53.579167487
53.579167487	-4.179258306	-0.101922153	53.370204571
53.370204571	-2.645980186	-0.634372283	53.237905562
53.237905562	-3.402241518	0.411208861	53.067793486
53.067793486	-3.276893594	3.361762231	52.903948806
52.903948806	0.438928671	-3.315230284	52.925895240
52.925895240	-8.097215201	-4.641208510	52.521034480
52.521034480	-17.356985302	4.607973060	51.653185215
51.653185215	-13.208646756	-2.279069857	50.992752877
50.992752877	-21.582485764	1.668079951	49.913628589
49.913628589	-20.985607852	2.783262187	48.864348196
48.864348196	-12.311673493	-3.434275754	48.248764522
48.248764522	-10.145400466	2.069494480	47.741494498
47.741494498	-0.044375119	-0.084428152	47.739275742
47.739275742	3.721753205	-1.843458682	47.925363403
47.925363403	3.898189156	4.385506543	48.120272860
48.120272860	14.746801649	3.624863997	48.857612943
48.857612943	24.191063037	-1.363155921	50.067166095
50.067166095	25.873293323	-2.442489730	51.360830761
51.360830761	20.718423764	4.354270123	52.396751949
52.396751949	19.854847531	0.742833544	53.389494326
