5
1000
-0.924343685	0.655093402	-2.964019320	-0.265522778	-1.021609908	0.657438520
-0.911276310	0.657438520	-3.015099816	0.008146018	-0.012609731	0.657387137
-0.911680357	0.657387137	-3.015730302	0.729762867	0.223491592	0.652806769
-0.947879871	0.652806769	-3.004555723	-0.657968837	1.282878789	0.657300973
-0.915289848	0.657300973	-2.940411783	0.327275454	0.008447717	0.654031058
-0.931323585	0.654031058	-2.939989397	0.644169940	-0.666970055	0.647581616
-0.962879757	0.647581616	-2.973337900	0.761930195	0.098765825	0.641201898
-1.000438288	0.641201898	-2.968399609	-0.814812712	-0.051697212	0.648222671
-0.960307151	0.648222671	-2.970984469	-0.356405695	0.135341843	0.651248230
-0.942745586	0.651248230	-2.964217377	0.913407750	-0.416185070	0.643189843
-0.987699415	0.643189843	-2.985026631	-0.947078632	0.752444549	0.650573607
-0.940924690	0.650573607	-2.947404403	-0.350230064	0.519262962	0.653952804
-0.923742322	0.653952804	-2.921441255	-0.004307410	1.123701110	0.653999836
-0.923532150	0.653999836	-2.865256200	0.497263931	-0.320706909	0.647216337
-0.947452072	0.647216337	-2.881291545	0.028228711	0.263128264	0.646853074
-0.948815960	0.646853074	-2.868135132	0.016487571	0.734726818	0.646630440
-0.949609707	0.646630440	-2.831398791	0.457180133	-0.960919774	0.639652883
-0.971377754	0.639652883	-2.879444780	-0.090214636	0.058484848	0.640821864
-0.967021129	0.640821864	-2.876520537	-0.701828478	0.885740449	0.650015076
-0.933155322	0.650015076	-2.832233515	-0.669134041	-0.015004369	0.660200910
-0.901286847	0.660200910	-2.832983733	-0.481649941	0.382516354	0.667515573
-0.878342079	0.667515573	-2.813857916	-0.085776451	-0.768258290	0.668896142
-0.874281534	0.668896142	-2.852270830	0.068801245	-1.282958907	0.667914684
-0.877578619	0.667914684	-2.916418775	0.123065969	1.106468546	0.666540801
-0.883576579	0.666540801	-2.861095348	0.454981206	0.121571817	0.660243098
-0.905436558	0.660243098	-2.855016757	0.343234152	1.133117547	0.655392008
-0.921898366	0.655392008	-2.798360880	0.103855426	1.290199058	0.653644473
-0.926788253	0.653644473	-2.733850927	0.113499017	1.125751482	0.651394144
-0.931997964	0.651394144	-2.677563353	-0.094474389	-1.066206576	0.653508268
-0.927773748	0.653508268	-2.730873682	-0.525569812	0.351052167	0.664000445
-0.903680734	0.664000445	-2.713321073	-0.132556587	0.336638350	0.666752976
-0.897651498	0.666752976	-2.696489156	-0.526688330	1.361958748	0.678091293
-0.873882946	0.678091293	-2.628391218	0.406817910	0.551774435	0.668104549
-0.891603470	0.668104549	-2.600802497	-0.212728371	0.463396656	0.673580321
-0.882484845	0.673580321	-2.577632664	-0.101489699	1.539291797	0.676292822
-0.878196169	0.676292822	-2.500668074	-0.812770374	-0.099355845	0.700592087
-0.845622639	0.700592087	-2.505635866	0.387364462	1.388012808	0.689088379
-0.861204447	0.689088379	-2.436235226	0.263023318	0.367930725	0.680562399
-0.871217481	0.680562399	-2.417838690	0.287057804	-1.094742194	0.671057883
-0.881972462	0.671057883	-2.472575799	-0.510663548	0.157526646	0.686893944
-0.861943425	0.686893944	-2.464699467	-0.517384764	0.012766936	0.703097768
-0.841777772	0.703097768	-2.464061120	0.602503676	0.513697643	0.684213143
-0.865248981	0.684213143	-2.438376238	-0.926453271	-0.917251529	0.714168824
-0.829915620	0.714168824	-2.484238815	-0.193753698	1.313934140	0.720088234
-0.822246734	0.720088234	-2.418542108	0.215982774	-0.884986730	0.712942714
-0.830343828	0.712942714	-2.462791444	-0.302168999	-0.729102770	0.722428712
-0.818584530	0.722428712	-2.499246582	-0.229228145	1.188386318	0.729294961
-0.809407467	0.729294961	-2.439827267	0.110049552	-0.550067533	0.725742744
-0.813609729	0.725742744	-2.467330643	0.297071484	0.346843200	0.716469345
-0.825212865	0.716469345	-2.449988483	-0.822074742	-0.418442902	0.742684223
-0.793553784	0.742684223	-2.470910628	0.879904850	1.328307825	0.715340281
-0.828019567	0.715340281	-2.404495237	-0.478285423	-0.739614818	0.731414057
-0.810312899	0.731414057	-2.441475978	0.560661594	-0.308165761	0.713352150
-0.831751674	0.713352150	-2.456884266	0.772911833	-0.150208769	0.688910855
-0.861686685	0.688910855	-2.464394704	-0.006022947	-0.399102068	0.689099558
-0.861451991	0.689099558	-2.484349808	-0.236580916	-0.131677811	0.696326353
-0.852087176	0.696326353	-2.490933698	0.435569892	0.722413216	0.683134882
-0.869415994	0.683134882	-2.454813038	-0.327735874	-0.112161310	0.693524931
-0.856744219	0.693524931	-2.460421103	-0.244588575	-1.369892027	0.701225846
-0.847243965	0.701225846	-2.528915705	0.965403908	0.302513954	0.673467609
-0.886734369	0.673467609	-2.513790007	-0.099726332	1.482864998	0.676396411
-0.882698842	0.676396411	-2.439646757	0.377308787	-0.037751360	0.664214906
-0.897104250	0.664214906	-2.441534325	-0.285307078	-0.215236968	0.673405536
-0.886194041	0.673405536	-2.452296173	-0.587610459	0.140900146	0.692091385
-0.863521278	0.692091385	-2.445251166	0.915004175	-0.983302260	0.662746506
-0.898620561	0.662746506	-2.494416279	0.540409591	1.059912104	0.646454882
-0.920177215	0.646454882	-2.441420674	0.816627481	0.410490143	0.620145218
-0.951402248	0.620145218	-2.420896167	0.187188898	0.856406465	0.613968845
-0.958434432	0.613968845	-2.378075844	-0.453862703	-1.544917096	0.629660382
-0.942040713	0.629660382	-2.455321698	-0.463162391	0.106357486	0.644334681
-0.924125260	0.644334681	-2.450003824	-0.549717737	1.295878733	0.661864129
-0.902954704	0.661864129	-2.385209887	-0.774522918	-0.734058121	0.688441691
-0.874788278	0.688441691	-2.421912793	-0.040407865	0.505590087	0.689773421
-0.873268908	0.689773421	-2.396633289	0.671894183	0.423212524	0.666998158
-0.897964898	0.666998158	-2.375472663	0.613681234	0.227515197	0.645723533
-0.920076025	0.645723533	-2.364096903	-0.016577386	0.947233122	0.646304982
-0.919485313	0.646304982	-2.316735247	-0.117897199	-1.417267551	0.650634468
-0.915484697	0.650634468	-2.387598624	0.974920582	0.783040330	0.617265096
-0.951018630	0.617265096	-2.348446608	0.157289544	-0.520981028	0.611661152
-0.956536402	0.611661152	-2.374495659	0.186703986	1.261802757	0.605182074
-0.963257078	0.605182074	-2.311405522	0.685890281	1.157413420	0.579870745
-0.986396878	0.579870745	-2.253534851	-0.792725603	0.902612900	0.610622468
-0.961389554	0.610622468	-2.208404206	-0.188078211	-0.606431540	0.618178717
-0.955791641	0.618178717	-2.238725783	-0.946959351	0.661166633	0.655351879
-0.926466122	0.655351879	-2.205667451	0.687255139	-1.414069164	0.627684769
-0.946845772	0.627684769	-2.276370909	-0.508737194	1.414209339	0.647048301
-0.930350697	0.647048301	-2.205660442	-0.779839232	1.438770859	0.678442768
-0.907225808	0.678442768	-2.133721899	-0.309227933	1.195213258	0.691518432
-0.898974639	0.691518432	-2.073961236	-0.447940985	0.673709947	0.711139610
-0.888174768	0.711139610	-2.040275739	-0.900568511	-1.233849324	0.751296137
-0.867802914	0.751296137	-2.101968205	0.717981507	-0.237883067	0.720343449
-0.885987379	0.720343449	-2.113862358	0.125051370	0.731125876	0.714990449
-0.889218477	0.714990449	-2.077306065	0.921765965	-1.385018296	0.674688856
-0.911577209	0.674688856	-2.146556979	-0.760867824	-1.159875531	0.706598831
-0.890863611	0.706598831	-2.204550756	0.605441031	-1.067604739	0.682205311
-0.908789941	0.682205311	-2.257930993	0.051060509	0.655311575	0.680231652
-0.910409388	0.680231652	-2.225165414	0.980792401	0.346942317	0.641322044
-0.940257783	0.641322044	-2.207818298	-0.416835405	0.159844748	0.658076131
-0.927861012	0.658076131	-2.199826061	0.081421180	1.258258974	0.654784278
-0.930256262	0.654784278	-2.136913112	-0.858142709	1.519750492	0.690997477
-0.907242647	0.690997477	-2.060925588	0.811388010	1.379135949	0.655204230
-0.926340284	0.655204230	-1.991968790	0.343720797	0.711738877	0.639520074
-0.933366465	0.639520074	-1.956381846	-0.813260349	-1.145194084	0.677197547
-0.918073034	0.677197547	-2.013641551	0.621286163	1.084768682	0.649129823
-0.931384461	0.649129823	-1.959403116	-0.794056277	0.803923071	0.685872309
-0.916341087	0.685872309	-1.919206963	-0.357652492	-0.822350936	0.702680484
-0.910235881	0.702680484	-1.960324510	0.679199858	-0.246790655	0.671264490
-0.923132255	0.671264490	-1.972664042	0.319917544	-1.458394228	0.656542972
-0.929388850	0.656542972	-2.045583754	0.481606126	1.563151533	0.635126190
-0.940397147	0.635126190	-1.967426177	-0.231705447	0.091912448	0.645812076
-0.935921617	0.645812076	-1.962830555	0.568328497	-1.061227478	0.619551499
-0.946778655	0.619551499	-2.015891929	0.802839031	-0.595997714	0.583320597
-0.964061539	0.583320597	-2.045691814	0.358618628	-0.128222912	0.567373894
-0.972260376	0.567373894	-2.052102960	0.328368176	0.574592009	0.552820767
-0.979861078	0.552820767	-2.023373359	-0.515342631	0.137381737	0.575993746
-0.968593509	0.575993746	-2.016504273	-0.671540735	1.277335950	0.606290498
-0.954118556	0.606290498	-1.952637475	0.145444036	1.084731590	0.599542039
-0.956828394	0.599542039	-1.898400896	0.951404380	0.931066544	0.554501802
-0.972135346	0.554501802	-1.851847568	0.108248070	1.172147972	0.549301757
-0.973636561	0.549301757	-1.793240170	-0.464893959	1.385646579	0.571973734
-0.968508457	0.571973734	-1.723957841	0.980526799	1.311207739	0.523521312
-0.975988082	0.523521312	-1.658397454	-0.925595856	0.270115100	0.569623643
-0.971939104	0.569623643	-1.644891699	-0.157986049	-1.427761252	0.577501272
-0.971354337	0.577501272	-1.716279762	0.850428620	0.789626981	0.535429040
-0.977518702	0.535429040	-1.676798413	-0.879202815	0.697854654	0.579142434
-0.972867557	0.579142434	-1.641905680	-0.427335994	1.459186762	0.600455235
-0.971349458	0.600455235	-1.568946342	-0.701338237	0.305373559	0.635522087
-0.971414331	0.635522087	-1.553677664	-0.069662607	-0.278544979	0.639004707
-0.971473955	0.639004707	-1.567604913	0.760977925	-0.864289249	0.600956005
-0.971352525	0.600956005	-1.610819375	0.085924628	1.406184614	0.596663214
-0.971524428	0.596663214	-1.540510144	0.306681333	-1.463677180	0.581336179
-0.971060088	0.581336179	-1.613694004	-0.222288809	1.174702512	0.592440395
-0.970583451	0.592440395	-1.554958878	-0.223375990	0.775680969	0.603607794
-0.970760329	0.603607794	-1.516174829	0.482212029	-0.848927615	0.579533150
-0.969444026	0.579533150	-1.558621210	0.847604070	-1.030315020	0.537156088
-0.968928055	0.537156088	-1.610136961	0.660505440	-0.280090233	0.504156369
-0.970226955	0.504156369	-1.624141473	0.540673674	-0.502586077	0.477161141
-0.971668387	0.477161141	-1.649270777	0.782670483	1.116605061	0.438148052
-0.974736218	0.438148052	-1.593440524	-0.736193865	0.572920222	0.474948308
-0.973902763	0.474948308	-1.564794513	-0.700840946	-0.281587360	0.509989724
-0.974113078	0.509989724	-1.578873881	0.099895370	0.162742852	0.504995119
-0.974153423	0.504995119	-1.570736738	0.545996306	0.756338710	0.477695303
-0.974151796	0.477695303	-1.532919802	0.815350745	-0.113991814	0.436957006
-0.972608033	0.436957006	-1.538619393	-0.198393686	1.394556422	0.446871555
-0.972927163	0.446871555	-1.468891572	-0.808770430	0.184560902	0.487100290
-0.977040912	0.487100290	-1.459663527	-0.365209366	1.397288210	0.505248111
-0.979066074	0.505248111	-1.389799117	0.237803917	-0.111885155	0.493552146
-0.976925713	0.493552146	-1.395393374	0.758063070	0.731002136	0.456230567
-0.970311426	0.456230567	-1.358843267	0.178430862	-1.254612754	0.447508671
-0.968434604	0.447508671	-1.421573905	-0.956243439	-1.305969570	0.494789505
-0.975542803	0.494789505	-1.486872384	-0.089694455	-0.979175888	0.499258444
-0.975918737	0.499258444	-1.535831178	-0.849748418	-0.537002767	0.541719895
-0.977404014	0.541719895	-1.562681316	-0.545426042	-0.511542306	0.568990300
-0.977625318	0.568990300	-1.588258432	0.104894748	1.471243479	0.563746362
-0.977716898	0.563746362	-1.514696258	-0.545540633	-0.313701643	0.590980481
-0.979246339	0.590980481	-1.530381340	0.981542906	-0.119322388	0.541943411
-0.977263426	0.541943411	-1.536347459	0.969060905	-0.004899881	0.493519113
-0.975594604	0.493519113	-1.536592453	0.976007819	0.119692802	0.444747265
-0.973925767	0.444747265	-1.530607813	-0.734207013	-0.505158051	0.481427974
-0.975400704	0.481427974	-1.555865716	0.458016632	-0.265012574	0.458529695
-0.975058794	0.458529695	-1.569116345	0.849442864	-1.349968607	0.416057612
-0.974987441	0.416057612	-1.636614775	-0.241208874	0.204703091	0.428091942
-0.974194214	0.428091942	-1.626379620	0.513183572	0.734082014	0.402472390
-0.975619702	0.402472390	-1.589675520	-0.237510209	1.271265620	0.414345784
-0.975395515	0.414345784	-1.526112239	-0.613958685	1.226314708	0.445013077
-0.976766768	0.445013077	-1.464796503	-0.483648610	-0.271254127	0.469059778
-0.979325304	0.469059778	-1.478359210	-0.993441316	0.143999091	0.518519780
-0.983910310	0.518519780	-1.471159255	-0.309985858	0.457378265	0.533942202
-0.985452060	0.533942202	-1.448290342	0.864370964	0.275543700	0.491047554
-0.980170763	0.491047554	-1.434513157	-0.478793977	1.256466953	0.514765280
-0.983423251	0.514765280	-1.371689809	-0.965507529	-0.854760956	0.562086913
-0.992971810	0.562086913	-1.414427857	0.433716385	-1.257806193	0.540665675
-0.989594634	0.540665675	-1.477318167	0.434035044	-0.818131819	0.519058670
-0.987568947	0.519058670	-1.518224758	-0.174322182	-0.661494164	0.527762738
-0.988026956	0.527762738	-1.551299466	-0.696763482	-0.597525769	0.562594290
-0.988706148	0.562594290	-1.581175754	0.266878604	-1.499820208	0.549251079
-0.988844648	0.549251079	-1.656166765	0.248319598	-0.941884594	0.536880316
-0.989903318	0.536880316	-1.703260994	-0.205887191	-0.107346438	0.547084491
-0.988543664	0.547084491	-1.708628316	0.596715089	-0.876490661	0.517531693
-0.992642977	0.517531693	-1.752452849	-0.235228088	1.277960420	0.529099572
-0.990518172	0.529099572	-1.688554828	-0.752247847	-1.429244590	0.566451479
-0.986099223	0.566451479	-1.760017058	0.379207588	-0.634221771	0.547829521
-0.989665549	0.547829521	-1.791728146	0.993120664	-0.992958372	0.499380444
-1.000547117	0.499380444	-1.841376065	0.110293493	0.286822592	0.494066415
-1.002021135	0.494066415	-1.827034935	-0.001926388	-0.117622200	0.494159589
-1.001996723	0.494159589	-1.832916045	-0.694461770	-0.758509816	0.527696637
-0.992998983	0.527696637	-1.870841536	0.444760867	1.559321391	0.506452120
-0.999571735	0.506452120	-1.792875467	0.110620623	0.451380315	0.501056922
-1.000789989	0.501056922	-1.770306451	0.361613430	1.422543362	0.483334902
-1.004373383	0.483334902	-1.699179283	-0.267201918	-0.096692602	0.496585047
-1.002662882	0.496585047	-1.704013913	-0.742920584	-1.320076178	0.533401950
-0.997729002	0.533401950	-1.770017722	0.088016250	0.541318274	0.529088181
-0.998599950	0.529088181	-1.742951808	0.687013896	0.308896319	0.495245265
-1.004484443	0.495245265	-1.727506992	-0.875197765	0.746585714	0.538468919
-0.997654836	0.538468919	-1.690177706	-0.692829101	-1.303423634	0.572863814
-0.993529107	0.572863814	-1.755348888	-0.901986019	-1.318202236	0.617197259
-0.985253083	0.617197259	-1.821259000	-0.573419005	-0.350167336	0.644973614
-0.978146924	0.644973614	-1.838767367	-0.424035239	-1.100464277	0.665418687
-0.972533218	0.665418687	-1.893790581	0.267634007	-1.213625776	0.652728964
-0.976780669	0.652728964	-1.954471869	0.468962856	1.225291528	0.630985618
-0.985558043	0.630985618	-1.893207293	-0.114179395	-0.288755119	0.636400429
-0.983749132	0.636400429	-1.907645049	-0.172293004	1.189727072	0.644530943
-0.980901864	0.644530943	-1.848158695	0.054432504	-1.169477352	0.641913336
-0.981647099	0.641913336	-1.906632563	-0.576927745	-1.042230938	0.669148221
-0.972140518	0.669148221	-1.958744110	-0.290551785	-0.425501437	0.682596227
-0.966644884	0.682596227	-1.980019182	0.103353507	-1.158173679	0.677855245
-0.968701083	0.677855245	-2.037927866	0.420775455	-0.455569233	0.659070488
-0.978175411	0.659070488	-2.060706327	0.294160416	-0.234730310	0.646092495
-0.985096218	0.646092495	-2.072442843	0.514670035	-0.807501828	0.623529567
-0.997470683	0.623529567	-2.112817934	-0.623111607	-1.090962281	0.650219542
-0.981398488	0.650219542	-2.167366048	0.982427625	1.491374238	0.609583013
-1.008995275	0.609583013	-2.092797336	0.844202401	-0.152987111	0.572994302
-1.030041901	0.572994302	-2.100446692	-0.596397786	-0.390917290	0.598728383
-1.014975950	0.598728383	-2.119992556	0.486332626	1.260095271	0.577987649
-1.027669276	0.577987649	-2.056987793	0.720906588	1.486881180	0.546119294
-1.044511891	0.546119294	-1.982643734	-0.696989721	-1.183884948	0.578054766
-1.030561540	0.578054766	-2.041837981	-0.612391501	-0.761430675	0.605339748
-1.016665925	0.605339748	-2.079909515	0.456354187	-0.869070620	0.585415847
-1.027787347	0.585415847	-2.123363046	0.194084374	-1.023880983	0.577155809
-1.032880836	0.577155809	-2.174557095	0.150442642	-0.128859401	0.570963543
-1.037151469	0.570963543	-2.181000065	0.765875945	-1.550369724	0.539580578
-1.059095134	0.539580578	-2.258518551	-0.265177677	-1.059543211	0.549825636
-1.050678676	0.549825636	-2.311495712	-0.847416703	1.260251858	0.581095177
-1.022086657	0.581095177	-2.248483119	-0.144216763	0.146010696	0.586712601
-1.017565515	0.586712601	-2.241182584	-0.825925304	0.279274212	0.619071601
-0.991908612	0.619071601	-2.227218874	-0.184229326	0.353674023	0.626368745
-0.986286976	0.626368745	-2.209535173	-0.919306648	-1.420100222	0.663271933
-0.958883208	0.663271933	-2.280540184	-0.085155071	1.003824165	0.666501562
-0.956108687	0.666501562	-2.230348975	0.397703971	0.156906150	0.650786957
-0.968293609	0.650786957	-2.222503668	-0.598148593	0.433499683	0.674564841
-0.950153416	0.674564841	-2.200828684	-0.909340980	0.693492964	0.711302600
-0.923365553	0.711302600	-2.166154036	-0.151391079	0.049609081	0.717569797
-0.919120510	0.717569797	-2.163673581	0.822561471	0.784247614	0.683460786
-0.942100802	0.683460786	-2.124461201	0.924149771	0.808567525	0.644156548
-0.966397074	0.644156548	-2.084032825	-0.123823941	-0.139809745	0.649550071
-0.963357201	0.649550071	-2.091023312	0.023165698	-0.836888571	0.648545019
-0.963932958	0.648545019	-2.132867740	-0.120626618	-1.117722782	0.653648448
-0.960718620	0.653648448	-2.188753879	0.046776479	-0.302236181	0.651742158
-0.962073668	0.651742158	-2.203865688	-0.890072709	-0.426244454	0.687621675
-0.935744334	0.687621675	-2.225177911	-0.802848047	0.345477329	0.719471640
-0.911310910	0.719471640	-2.207904045	-0.553198327	0.253421016	0.741705224
-0.894856771	0.741705224	-2.195232994	-0.338979706	0.774386000	0.755455811
-0.884947710	0.755455811	-2.156513694	0.563213518	-1.196524174	0.731989076
-0.900514856	0.731989076	-2.216339903	-0.138022522	-1.114183668	0.737501508
-0.896362913	0.737501508	-2.272049086	-0.800982367	0.042962698	0.768100418
-0.870524209	0.768100418	-2.269900951	-0.629890946	0.707729846	0.792206933
-0.850256441	0.792206933	-2.234514459	-0.922782326	-1.020242083	0.828551044
-0.821832443	0.828551044	-2.285526563	0.697268290	1.036439173	0.802219750
-0.844682402	0.802219750	-2.233704604	-0.592076823	-0.039183126	0.825553669
-0.826463850	0.825553669	-2.235663761	0.070871642	-0.956607569	0.822764875
-0.828650080	0.822764875	-2.283494139	0.828373534	-0.682437977	0.791427480
-0.855732813	0.791427480	-2.317616038	0.902096810	0.575440276	0.758327158
-0.886372907	0.758327158	-2.288844024	0.235820186	0.153095586	0.749447448
-0.894130397	0.749447448	-2.281189245	0.555908191	-0.838198723	0.728375590
-0.912256665	0.728375590	-2.323099181	-0.766847605	-0.460469002	0.756370021
-0.886056476	0.756370021	-2.346122631	-0.800759867	-0.374361776	0.784964863
-0.858031916	0.784964863	-2.364840720	0.955986037	0.358490521	0.751459148
-0.892122095	0.751459148	-2.346916194	0.151844989	-0.157982800	0.746041038
-0.897440585	0.746041038	-2.354815334	-0.108451841	-0.290778609	0.749880674
-0.893611525	0.749880674	-2.369354264	0.797172481	-0.262820774	0.722069700
-0.922164276	0.722069700	-2.382495303	0.360311630	-1.457837583	0.709670171
-0.935233816	0.709670171	-2.455387182	-0.643857458	-1.275773076	0.730067772
-0.910327613	0.730067772	-2.519175836	-0.749607606	-0.978515103	0.751918851
-0.879875860	0.751918851	-2.568101591	-0.069118453	-1.031154267	0.753793923
-0.876972844	0.753793923	-2.619659304	0.042107488	0.550693472	0.752744274
-0.878797902	0.752744274	-2.592124631	0.737779441	0.807191187	0.733479612
-0.910256908	0.733479612	-2.551765072	0.968463505	-0.880148524	0.706545783
-0.950498339	0.706545783	-2.595772498	-0.654002885	1.328039078	0.723521057
-0.922549466	0.723521057	-2.529370544	0.797874520	-0.385795615	0.700594636
-0.955197415	0.700594636	-2.548660325	-0.725602878	-1.123893039	0.720867807
-0.925110086	0.720867807	-2.604854976	-0.986456387	0.967389761	0.746088298
-0.882722973	0.746088298	-2.556485488	0.649611074	1.303623269	0.728149654
-0.909800481	0.728149654	-2.491304325	-0.302114571	-0.136227290	0.737294902
-0.897777691	0.737294902	-2.498115690	0.291229268	0.545079440	0.728558306
-0.909427073	0.728558306	-2.470861717	0.951814441	0.356126749	0.698977876
-0.946708100	0.698977876	-2.453055380	0.855499713	1.345141733	0.671798292
-0.979737929	0.671798292	-2.385798293	0.995435588	-0.727927069	0.637661473
-1.015958194	0.637661473	-2.422194647	0.892288277	-1.218536929	0.608263609
-1.049517270	0.608263609	-2.483121493	0.739928702	-1.226756721	0.585625181
-1.078778811	0.585625181	-2.544459329	0.796596899	0.424721795	0.563229887
-1.111716136	0.563229887	-2.523223240	0.201987599	-0.099206048	0.557375203
-1.119945361	0.557375203	-2.528183542	0.027809976	0.140658812	0.556574751
-1.121082358	0.556574751	-2.521150601	0.380494580	0.198012936	0.545513871
-1.136561287	0.545513871	-2.511249955	-0.592254689	-0.392143511	0.562968257
-1.112639363	0.562968257	-2.530857130	0.261711741	0.047631314	0.555464063
-1.123359422	0.555464063	-2.528475564	-0.742396280	1.036129056	0.576823531
-1.093000672	0.576823531	-2.476669112	0.678881934	-0.554564971	0.555880059
-1.119713453	0.555880059	-2.504397360	-0.683219277	1.122107168	0.576203901
-1.092255978	0.576203901	-2.448292002	-0.365103720	-0.723712541	0.587870413
-1.078215169	0.587870413	-2.484477629	0.721212594	0.946310507	0.565843311
-1.106766453	0.565843311	-2.437162103	-0.475060482	1.253034037	0.581225770
-1.088667113	0.581225770	-2.374510402	-0.748221519	1.120074125	0.607190463
-1.061733430	0.607190463	-2.318506695	0.649444603	-0.144912570	0.583380277
-1.083813302	0.583380277	-2.325752324	-0.743811625	-1.312561463	0.610466240
-1.058328210	0.610466240	-2.391380397	-0.651664687	0.714570328	0.632681295
-1.034492134	0.632681295	-2.355651881	-0.026053957	0.021754795	0.633602941
-1.033571488	0.633602941	-2.354564141	0.839886312	-0.893887530	0.603860103
-1.063217501	0.603860103	-2.399258517	-0.728297066	-0.182541657	0.628476899
-1.036383663	0.628476899	-2.408385600	-0.555832775	-0.829162146	0.647076621
-1.015733589	0.647076621	-2.449843708	-0.449205174	-1.136883303	0.661403685
-0.998436235	0.661403685	-2.506687873	-0.647239605	-0.401120001	0.680597603
-0.972380693	0.680597603	-2.526743873	0.973458445	1.127363892	0.652521358
-1.012139689	0.652521358	-2.470375678	0.467982457	0.282035281	0.637968521
-1.030462732	0.637968521	-2.456273914	-0.522329800	-0.809180958	0.654498165
-1.010242892	0.654498165	-2.496732962	-0.962152063	0.993564282	0.683414987
-0.971796060	0.683414987	-2.447054748	0.425850016	0.863482703	0.669787138
-0.988156143	0.669787138	-2.403880613	-0.408501176	0.937205935	0.683524962
-0.973041409	0.683524962	-2.357020316	0.017229928	-1.200392387	0.682916295
-0.973651081	0.682916295	-2.417039935	0.752339951	-0.925386801	0.657983727
-1.001818537	0.657983727	-2.463309275	-0.416100391	-0.657084485	0.671037989
-0.985618688	0.671037989	-2.496163500	0.750888132	-1.065040744	0.648453477
-1.015610725	0.648453477	-2.549415537	0.445619450	0.959962467	0.636016934
-1.034097860	0.636016934	-2.501417413	0.483664623	0.917613334	0.621571420
-1.053492596	0.621571420	-2.455536747	0.395642816	0.874621483	0.609039624
-1.068799039	0.609039624	-2.411805673	-0.269629532	1.287023864	0.618027871
-1.058751072	0.618027871	-2.347454479	0.106314364	1.119764817	0.614236383
-1.062476858	0.614236383	-2.291466239	0.915021516	0.958490688	0.579860679
-1.092667451	0.579860679	-2.243541704	-0.164077315	0.323368569	0.586277036
-1.087555331	0.586277036	-2.227373276	0.046121708	0.340226696	0.584450418
-1.088962987	0.584450418	-2.210361941	-0.648789522	0.056719998	0.610478397
-1.069601584	0.610478397	-2.207525941	-0.006348390	1.087659666	0.610733616
-1.069412856	0.610733616	-2.153142958	0.145612724	-1.017730762	0.604653016
-1.073417099	0.604653016	-2.204029496	-0.740607853	0.494022944	0.634503899
-1.051504210	0.634503899	-2.179328349	-0.573763434	-0.171473427	0.658042203
-1.035104226	0.658042203	-2.187902020	0.490377841	0.519964872	0.638045655
-1.049292748	0.638045655	-2.161903776	-0.401208756	0.856257594	0.654702319
-1.038113449	0.654702319	-2.119090897	-0.289209831	-1.287676169	0.667043114
-1.030576170	0.667043114	-2.183474705	0.454358526	0.680212758	0.648457335
-1.043640357	0.648457335	-2.149464067	-0.837866860	0.743015870	0.683530108
-1.020728508	0.683530108	-2.112313274	-0.832508509	1.230532373	0.719200091
-0.999273244	0.719200091	-2.050786655	0.776177880	0.217836192	0.684776626
-1.017194050	0.684776626	-2.039894846	0.694086482	-1.172994069	0.653821195
-1.032883264	0.653821195	-2.098544549	-0.590577594	-1.415383058	0.679332471
-1.018012838	0.679332471	-2.169313702	0.384763119	-0.649411144	0.663438447
-1.028851965	0.663438447	-2.201784259	0.495699148	0.109135642	0.643425956
-1.043473671	0.643425956	-2.196327477	-0.344153971	1.322679667	0.657375415
-1.033398083	0.657375415	-2.130193494	0.656930761	0.072226714	0.629535505
-1.050828931	0.629535505	-2.126582158	-0.754642125	-1.280701508	0.661588404
-1.030921056	0.661588404	-2.190617233	0.345921292	0.661088623	0.647509710
-1.040968157	0.647509710	-2.157562802	0.961736155	1.452512245	0.607466126
-1.067592440	0.607466126	-2.084937190	-0.195864661	-0.983585506	0.615993246
-1.062776255	0.615993246	-2.134116465	-0.221291710	1.209887577	0.625348208
-1.056867808	0.625348208	-2.073622086	0.190440101	0.402739067	0.617004795
-1.061456495	0.617004795	-2.053485133	0.921323086	-0.817561563	0.576201695
-1.082838675	0.576201695	-2.094363211	-0.363945672	-0.671659257	0.591961295
-1.073740535	0.591961295	-2.127946174	0.836023859	0.969327646	0.556481879
-1.095843720	0.556481879	-2.079479792	0.954929252	-1.026990008	0.514780766
-1.119097576	0.514780766	-2.130829292	0.610375707	-0.426000865	0.488924103
-1.135309586	0.488924103	-2.152129335	0.123752990	-0.664726115	0.483752890
-1.138707462	0.483752890	-2.185365641	0.437359329	-0.538723727	0.465886284
-1.151316678	0.465886284	-2.212301827	0.353977520	1.047863383	0.451706019
-1.161907727	0.451706019	-2.159908658	-0.914997499	1.458223972	0.489744031
-1.136488035	0.489744031	-2.086997460	-0.735605603	-1.140826595	0.521731859
-1.118334030	0.521731859	-2.144038789	0.304860010	-0.533693832	0.508925500
-1.126601209	0.508925500	-2.170723481	0.955269778	0.513151276	0.469502627
-1.153567632	0.469502627	-2.145065917	0.831273605	-1.117862509	0.434606206
-1.176145925	0.434606206	-2.200959043	-0.791912047	1.381293146	0.466596746
-1.152813177	0.466596746	-2.131894385	0.469052335	-1.497723697	0.446740088
-1.165292695	0.446740088	-2.206780570	-0.783853371	-1.233561038	0.478270099
-1.142013441	0.478270099	-2.268458622	-0.436365350	1.139707091	0.494990442
-1.127996776	0.494990442	-2.211473268	-0.780489521	0.232757948	0.526276026
-1.104670353	0.526276026	-2.199835370	0.843906192	1.502848117	0.492157182
-1.129496723	0.492157182	-2.124692964	0.808802827	-1.411605403	0.457763597
-1.150768449	0.457763597	-2.195273235	-0.175087362	-0.591725490	0.464865745
-1.145650006	0.464865745	-2.224859509	-0.153545708	1.303130829	0.470958579
-1.140979023	0.470958579	-2.159702968	-0.430684158	0.235464265	0.488865317
-1.129017800	0.488865317	-2.147929754	0.613087873	0.686840771	0.463176010
-1.145743570	0.463176010	-2.113587716	0.802288765	-1.396780206	0.428827213
-1.166463808	0.428827213	-2.183426726	0.720196684	-1.546431824	0.399366187
-1.187170236	0.399366187	-2.260748317	0.435779591	0.662565012	0.382560858
-1.201038925	0.382560858	-2.227620067	-0.648925676	1.161306155	0.408256227
-1.181227077	0.408256227	-2.169554759	-0.686875627	1.294221689	0.436625428
-1.161870327	0.436625428	-2.104843675	-0.532383284	0.584522524	0.459537978
-1.148320606	0.459537978	-2.075617548	0.279797015	-1.075699139	0.447293208
-1.155086811	0.447293208	-2.129402505	-0.420628156	-0.947121043	0.465127730
-1.143940065	0.465127730	-2.176758557	0.863624828	0.127971186	0.429634717
-1.168534081	0.429634717	-2.170359998	0.905127054	-0.887614646	0.392271891
-1.194071440	0.392271891	-2.214740730	0.290065765	0.899200574	0.380673119
-1.202778555	0.380673119	-2.169780702	-0.199483780	1.058073888	0.388910888
-1.197155068	0.388910888	-2.116877007	-0.673900398	-0.932069460	0.417705525
-1.179655832	0.417705525	-2.163480480	-0.312040786	-0.788131231	0.430646548
-1.170940699	0.430646548	-2.202887042	-0.308597214	1.528008755	0.443095267
-1.161824230	0.443095267	-2.126486604	0.247901512	0.302423751	0.432565198
-1.168363003	0.432565198	-2.111365417	0.154583921	-0.304627612	0.425938062
-1.172340633	0.425938062	-2.126596797	0.090892439	0.871557235	0.422077504
-1.174738482	0.422077504	-2.083018935	-0.059193018	-1.293118965	0.424657305
-1.173287910	0.424657305	-2.147674884	0.867808656	-1.433827672	0.388288781
-1.196953499	0.388288781	-2.219366267	0.297392683	0.732062804	0.376438449
-1.205935462	0.376438449	-2.182763127	-0.813552379	0.897072885	0.409733882
-1.182567047	0.409733882	-2.137909483	0.849648293	0.201848407	0.373901865
-1.205388573	0.373901865	-2.127817062	-0.091505521	0.922169225	0.377785514
-1.202969810	0.377785514	-2.081708601	-0.432442376	1.545983541	0.396646462
-1.192397172	0.396646462	-2.004409424	0.971958559	0.113661431	0.352546096
-1.212815702	0.352546096	-1.998726353	0.788796933	-0.830790178	0.316662670
-1.229182779	0.316662670	-2.040265861	-0.042987411	1.280410243	0.318579497
-1.228210376	0.318579497	-1.976245349	0.327489051	-0.201833839	0.303532597
-1.234668974	0.303532597	-1.986337041	0.707977160	-0.326614771	0.271146246
-1.248958951	0.271146246	-2.002667780	-0.062789855	-0.157082292	0.273997483
-1.247644850	0.273997483	-2.010521894	-0.352031611	1.164963559	0.289924599
-1.240152013	0.289924599	-1.952273716	0.766590449	-0.493197144	0.254350371
-1.254421790	0.254350371	-1.976933574	0.907841699	-0.597756277	0.212650764
-1.272354557	0.212650764	-2.006821387	0.863027689	-1.062179175	0.173536726
-1.290579103	0.173536726	-2.059930346	0.905878783	1.189152165	0.133553951
-1.311860987	0.133553951	-2.000472738	0.014341099	-1.513479751	0.132902076
-1.312159696	0.132902076	-2.076146725	0.556309560	-0.441528112	0.108563397
-1.325625560	0.108563397	-2.098223131	0.697098363	-0.210291789	0.078445086
-1.343168441	0.078445086	-2.108737720	0.211563795	-0.384593811	0.069360904
-1.348588380	0.069360904	-2.127967411	0.442820024	-0.577508995	0.050568632
-1.360296259	0.050568632	-2.156842861	0.898702963	1.098759023	0.013131644
-1.385148613	0.013131644	-2.101904910	0.551195821	-0.629837270	-0.010631679
-1.399107358	-0.010631679	-2.133396773	0.745398063	-0.392438978	-0.042157206
-1.418986664	-0.042157206	-2.153018722	0.596839159	0.995217067	-0.067082483
-1.435396206	-0.067082483	-2.103257869	0.998025915	-1.429145764	-0.110075446
-1.460728880	-0.110075446	-2.174715157	-0.526394665	-0.217065608	-0.088411239
-1.445782628	-0.088411239	-2.185568437	0.694479972	-0.356774221	-0.116777443
-1.465810471	-0.116777443	-2.203407148	-0.754386184	1.304583589	-0.086357326
-1.443508840	-0.086357326	-2.138177969	-0.635344691	0.285183927	-0.059567666
-1.426436309	-0.059567666	-2.123918772	0.624700649	-0.750334384	-0.086145190
-1.442845528	-0.086145190	-2.161435492	0.971616750	-0.184546973	-0.126495700
-1.469899809	-0.126495700	-2.170662840	-0.549478522	-0.990485920	-0.103818420
-1.454389890	-0.103818420	-2.220187136	0.396480657	1.178711296	-0.119607317
-1.466377509	-0.119607317	-2.161251572	0.537928841	-0.749474954	-0.141949850
-1.481351814	-0.141949850	-2.198725319	0.971411747	-1.431988220	-0.181255399
-1.509885580	-0.181255399	-2.270324730	-0.311707329	0.544076413	-0.169330319
-1.499850834	-0.169330319	-2.243120910	-0.886531668	-1.399357278	-0.134650264
-1.472243956	-0.134650264	-2.313088774	0.129730573	0.474212185	-0.139430322
-1.476628713	-0.139430322	-2.289378164	-0.525944402	0.398719543	-0.119635350
-1.459316784	-0.119635350	-2.269442187	0.060076697	0.044873910	-0.121935428
-1.461248795	-0.121935428	-2.267198492	0.403255296	-0.396812494	-0.137403394
-1.474182437	-0.137403394	-2.287039116	0.228066154	-0.605425992	-0.146004657
-1.481669340	-0.146004657	-2.317310416	-0.814206073	0.511832841	-0.116120829
-1.454023623	-0.116120829	-2.291718774	-0.942849591	-0.362713111	-0.080707532
-1.422905914	-0.080707532	-2.309854429	-0.855896176	-0.653707489	-0.049077746
-1.394079671	-0.049077746	-2.342539804	-0.573680859	0.697425390	-0.028520010
-1.374075826	-0.028520010	-2.307668534	0.410050051	0.675819160	-0.043703630
-1.387852992	-0.043703630	-2.273877576	-0.277554710	0.145989747	-0.033116950
-1.378880046	-0.033116950	-2.266578089	-0.284335979	1.385305424	-0.022204806
-1.369767282	-0.022204806	-2.197312818	-0.110416929	-1.222648360	-0.017732507
-1.366530264	-0.017732507	-2.258445236	0.730243531	-1.459097038	-0.045946942
-1.389705351	-0.045946942	-2.331400088	-0.553472693	-1.137373202	-0.025899610
-1.370628283	-0.025899610	-2.388268748	-0.394849754	-0.772229295	-0.012394424
-1.356227735	-0.012394424	-2.426880213	0.462367668	0.432552978	-0.027546219
-1.373688628	-0.027546219	-2.405252564	0.950490220	-0.530671485	-0.059462762
-1.408901033	-0.059462762	-2.431786138	-0.158617988	-0.061495008	-0.054294297
-1.402885541	-0.054294297	-2.434860888	0.819668479	0.226586361	-0.080906957
-1.434052950	-0.080906957	-2.423531570	-0.150328308	-0.143200542	-0.075961714
-1.428392466	-0.075961714	-2.430691598	0.902415670	0.260582176	-0.105403785
-1.462583833	-0.105403785	-2.417662489	-0.217129404	0.182456739	-0.098213172
-1.454450074	-0.098213172	-2.408539652	0.973108215	0.891028056	-0.130770529
-1.490607612	-0.130770529	-2.363988249	-0.823555112	-0.381710852	-0.101881272
-1.461264497	-0.101881272	-2.383073792	0.539009231	-0.944339052	-0.120419069
-1.480826640	-0.120419069	-2.430290744	-0.293848334	-0.886939150	-0.110827558
-1.469696950	-0.110827558	-2.474637702	-0.993389701	-0.968788285	-0.080102196
-1.430671190	-0.080102196	-2.523077116	-0.099522929	0.571232397	-0.077216895
-1.426616924	-0.077216895	-2.494515496	-0.063867040	-1.167492216	-0.075291761
-1.424069111	-0.075291761	-2.552890107	0.607368577	-1.332120209	-0.092154816
-1.449325374	-0.092154816	-2.619496117	-0.753843806	1.165711189	-0.073357779
-1.416654705	-0.073357779	-2.561210558	0.370879283	0.037408660	-0.083526241
-1.432162154	-0.083526241	-2.559340125	0.232998238	1.044727215	-0.089932606
-1.441892464	-0.089932606	-2.507103764	-0.978863686	0.069136468	-0.060920752
-1.402474859	-0.060920752	-2.503646941	-0.232282491	-1.386210270	-0.054004002
-1.393144990	-0.054004002	-2.572957454	0.428609042	0.873725978	-0.065543926
-1.411203075	-0.065543926	-2.529271155	0.433299470	-1.194275261	-0.077996275
-1.428931867	-0.077996275	-2.588984918	-0.352740851	1.150400157	-0.068738439
-1.413919947	-0.068738439	-2.531464910	0.350337304	-0.818963471	-0.078775116
-1.428276329	-0.078775116	-2.572413084	-0.943050716	-0.741866830	-0.053362674
-1.388557700	-0.053362674	-2.609506426	0.497115165	-0.217340721	-0.065972802
-1.409977163	-0.065972802	-2.620373462	0.900366181	-1.305381937	-0.088389120
-1.449017615	-0.088389120	-2.685642558	-0.967143067	0.360057689	-0.067096713
-1.405600479	-0.067096713	-2.667639674	-0.572967681	0.796897397	-0.054021388
-1.380109975	-0.054021388	-2.627794804	0.424106560	-0.293646157	-0.064443558
-1.398577360	-0.064443558	-2.642477112	-0.514137851	0.092085351	-0.052138975
-1.376006548	-0.052138975	-2.637872844	0.584745546	0.853075353	-0.066251419
-1.401612354	-0.066251419	-2.595219077	-0.254095935	-0.201057318	-0.059650105
-1.390757193	-0.059650105	-2.605271943	0.973370170	1.244675006	-0.084518582
-1.432592376	-0.084518582	-2.543038192	0.470930625	-0.877411500	-0.097785848
-1.452045366	-0.097785848	-2.586908767	-0.861727328	-1.292483928	-0.075093353
-1.415419069	-0.075093353	-2.651532964	-0.475139190	-1.094978077	-0.063911461
-1.394458190	-0.063911461	-2.706281868	-0.271720620	0.568766576	-0.058182338
-1.382139206	-0.058182338	-2.677843539	-0.795743001	1.216041871	-0.040385371
-1.346554303	-0.040385371	-2.617041445	-0.065516268	0.109572356	-0.038744763
-1.343718927	-0.038744763	-2.611562827	-0.837763460	-1.135516608	-0.017567817
-1.307578147	-0.017567817	-2.668338658	-0.935833500	-0.711822462	0.003759128
-1.265929350	0.003759128	-2.703929781	0.521233594	1.378312436	-0.007286431
-1.289534578	-0.007286431	-2.635014159	-0.969367421	-1.368809218	0.016229855
-1.247153364	0.016229855	-2.703454620	0.334582959	0.197268002	0.009132445
-1.262302330	0.009132445	-2.693591220	-0.526970108	1.233628213	0.020545697
-1.238554037	0.020545697	-2.631909809	-0.076782606	0.330444584	0.022418811
-1.235202863	0.022418811	-2.615387580	-0.370997321	-1.147086160	0.031735581
-1.219162435	0.031735581	-2.672741888	0.856245358	1.438570191	0.012390372
-1.257354753	0.012390372	-2.600813378	0.978542916	-0.871246079	-0.012797530
-1.299300375	-0.012797530	-2.644375682	-0.264079277	0.669688017	-0.006499485
-1.287695234	-0.006499485	-2.610891282	-0.941467940	0.302861394	0.017326167
-1.247096675	0.017326167	-2.595748212	-0.304690542	-0.172802653	0.025235019
-1.234075889	0.025235019	-2.604388344	-0.707794253	-1.015667251	0.043345213
-1.203671076	0.043345213	-2.655171707	0.165782947	-0.254116134	0.039470327
-1.210998779	0.039470327	-2.667877514	-0.394770611	-0.141462229	0.048474955
-1.193433863	0.048474955	-2.674950625	-0.192220901	1.232395768	0.052798867
-1.184850392	0.052798867	-2.613330837	-0.158819304	0.756924649	0.056801374
-1.177991904	0.056801374	-2.575484604	-0.465063281	-0.803470384	0.069273240
-1.158366354	0.069273240	-2.615658123	-0.669279382	0.336672191	0.086072870
-1.129424867	0.086072870	-2.598824514	0.230143808	1.343062083	0.080129311
-1.139278269	0.080129311	-2.531671410	0.916443674	0.948158610	0.053882231
-1.176838399	0.053882231	-2.484263479	0.225309975	1.220208486	0.046998958
-1.185756471	0.046998958	-2.423253055	0.037760570	-0.115199330	0.045756379
-1.187177967	0.045756379	-2.429013022	-0.507595654	0.810477458	0.062349374
-1.167973647	0.062349374	-2.388489149	0.189725274	-1.555488112	0.055861659
-1.174894539	0.055861659	-2.466263554	0.306395973	1.430465061	0.046284422
-1.186851661	0.046284422	-2.394740301	-0.002525595	0.328614002	0.046370208
-1.186758993	0.046370208	-2.378309601	0.427006754	-1.372948965	0.031610775
-1.202186114	0.031610775	-2.446957049	-0.635120209	1.187578469	0.051937973
-1.177788384	0.051937973	-2.387578126	0.571278105	1.378233506	0.032383962
-1.198609944	0.032383962	-2.318666451	-0.399577460	1.122197330	0.047031253
-1.185022735	0.047031253	-2.262556584	0.635452337	1.038017979	0.022562387
-1.205290290	0.022562387	-2.210655685	-0.129098867	0.127499922	0.027740412
-1.201436156	0.027740412	-2.204280689	0.827194272	0.307005200	-0.005594269
-1.225919313	-0.005594269	-2.188930429	-0.986257873	-0.715219666	0.034593826
-1.197341725	0.034593826	-2.224691412	-0.725066454	0.655648884	0.063368832
-1.175289458	0.063368832	-2.191908968	-0.916985927	-0.198724053	0.100654922
-1.148607903	0.100654922	-2.201845171	0.360713621	0.162550445	0.086092748
-1.159248809	0.086092748	-2.193717649	-0.644119593	-1.302047763	0.112249724
-1.140459509	0.112249724	-2.258820037	-0.626456044	-0.412288825	0.136446666
-1.120569162	0.136446666	-2.279434478	0.862179411	0.617757935	0.103716229
-1.148624497	0.103716229	-2.248546581	-0.667314368	0.859227855	0.129707636
-1.127702787	0.129707636	-2.205585188	-0.173595343	0.655378353	0.136696557
-1.122555620	0.136696557	-2.172816271	-0.335725080	0.160404498	0.150531677
-1.113049423	0.150531677	-2.164796046	0.992936378	0.525218094	0.109388924
-1.140835759	0.109388924	-2.138535141	0.777900571	-0.445296041	0.076595785
-1.161750665	0.076595785	-2.160799943	-0.131969925	0.732145725	0.082078731
-1.158079499	0.082078731	-2.124192657	0.989057780	-0.073371230	0.040006963
-1.184070932	0.040006963	-2.127861218	-0.336883063	0.330949511	0.054304458
-1.175165476	0.054304458	-2.111313743	0.546315569	-0.359250418	0.030882747
-1.189221622	0.030882747	-2.129276264	-0.592273391	-0.356023990	0.055996962
-1.173529406	0.055996962	-2.147077463	-0.869936794	-0.212625544	0.092468840
-1.149827567	0.092468840	-2.157708740	0.379468122	0.020616559	0.076670547
-1.160334902	0.076670547	-2.156677913	0.433834177	-0.624496329	0.058596474
-1.172328989	0.058596474	-2.187902729	0.412016932	1.304411261	0.041795323
-1.184250239	0.041795323	-2.122682166	0.411596125	-1.152576669	0.024270851
-1.195040109	0.024270851	-2.180310999	0.330932670	-0.390924249	0.010703837
-1.204512553	0.010703837	-2.199857212	0.004883742	-0.317273556	0.010506392
-1.204656229	0.010506392	-2.215720890	0.920870307	-1.207396853	-0.026289059
-1.232334743	-0.026289059	-2.276090732	0.122438260	-0.102963525	-0.030950410
-1.236303322	-0.030950410	-2.281238909	-0.682126172	0.079161093	-0.005095328
-1.214060234	-0.005095328	-2.277280854	-0.360520330	0.883863239	0.008616138
-1.202358397	0.008616138	-2.233087692	-0.874132189	0.384353081	0.043082527
-1.175482093	0.043082527	-2.213870038	0.274107586	-1.315996751	0.032114710
-1.183700633	0.032114710	-2.279669875	0.692628790	1.137055456	0.005826135
-1.206244977	0.005826135	-2.222817103	0.517447538	1.375182575	-0.014738763
-1.221944177	-0.014738763	-2.154057974	0.295236135	1.558314209	-0.027060011
-1.230074231	-0.027060011	-2.076142263	0.472431353	-1.390220581	-0.047729050
-1.241509672	-0.047729050	-2.145653292	-0.981309485	1.039594288	-0.006549865
-1.214832050	-0.006549865	-2.093673578	-0.329984037	-0.725797129	0.007744812
-1.206592761	0.007744812	-2.129963434	-0.783398570	-1.000083014	0.040949052
-1.185813884	0.040949052	-2.179967585	-0.232390911	1.059042517	0.050478502
-1.179165319	0.050478502	-2.127015459	0.523403798	1.530725282	0.028253275
-1.192982631	0.028253275	-2.050479195	0.422001002	-0.487441638	0.009534549
-1.202720259	0.009534549	-2.074851277	0.075183888	0.767122129	0.006242880
-1.204535875	0.006242880	-2.036495171	0.858785451	-1.167415847	-0.032123702
-1.223817641	-0.032123702	-2.094865963	-0.558025950	-0.540316475	-0.007967041
-1.209855617	-0.007967041	-2.121881787	-0.323729828	1.153922603	0.005823148
-1.201380170	0.005823148	-2.064185657	0.351434130	-1.517441195	-0.009652828
-1.209702371	-0.009652828	-2.140057716	0.034878507	0.038627548	-0.011121735
-1.210642365	-0.011121735	-2.138126339	-0.207921817	1.321698632	-0.002354309
-1.205055690	-0.002354309	-2.072041407	0.983513649	0.171832563	-0.045480642
-1.228685482	-0.045480642	-2.063449779	0.141602766	-0.841538503	-0.051718817
-1.232034143	-0.051718817	-2.105526704	0.596414396	-0.823595667	-0.077376746
-1.247231052	-0.077376746	-2.146706488	0.146621460	0.375205912	-0.083525294
-1.251223543	-0.083525294	-2.127946192	-0.092543668	0.799261294	-0.079597900
-1.248776830	-0.079597900	-2.087983127	0.131740094	0.872939345	-0.085323414
-1.252033688	-0.085323414	-2.044336160	0.468386277	1.462119510	-0.106165656
-1.262713819	-0.106165656	-1.971230185	0.526001031	0.210047817	-0.130385162
-1.272966050	-0.130385162	-1.960727794	0.199389937	0.286761653	-0.139606300
-1.276755705	-0.139606300	-1.946389711	0.923296305	-0.183415591	-0.182552971
-1.293690096	-0.182552971	-1.955560491	0.384961026	-0.829828519	-0.200393739
-1.300914670	-0.200393739	-1.997051917	0.541226025	-1.068139124	-0.225033604
-1.312103553	-0.225033604	-2.050458873	-0.842690371	-0.594843017	-0.187653936
-1.292659323	-0.187653936	-2.080201024	-0.351509743	-1.015048322	-0.172309921
-1.284088503	-0.172309921	-2.130953440	-0.507975217	1.545157132	-0.150792811
-1.270593651	-0.150792811	-2.053695583	0.222608903	-0.053394432	-0.160650517
-1.275762060	-0.160650517	-2.056365305	-0.511468813	1.488836552	-0.138033122
-1.263826638	-0.138033122	-1.981923477	0.430831552	0.623261237	-0.157779660
-1.272435574	-0.157779660	-1.950760415	-0.650321474	-0.093027618	-0.127582699
-1.260375781	-0.127582699	-1.955411796	0.610179092	-1.226134221	-0.155862754
-1.271822824	-0.155862754	-2.016718507	0.590022863	1.156193823	-0.182479079
-1.284546374	-0.182479079	-1.958908816	-0.805302081	-1.363938777	-0.145208691
-1.269308369	-0.145208691	-2.027105755	-0.879434647	-0.141276382	-0.105735934
-1.249932747	-0.105735934	-2.034169574	0.758843283	-0.477985444	-0.139677092
-1.266891687	-0.139677092	-2.058068846	-0.126627317	-1.158620730	-0.134082613
-1.263927230	-0.134082613	-2.115999883	0.306797806	0.117781049	-0.147198553
-1.271882377	-0.147198553	-2.110110830	0.458226017	-1.155707947	-0.166857845
-1.283648427	-0.166857845	-2.167896228	0.788400004	-0.132113472	-0.199456989
-1.305812186	-0.199456989	-2.174501901	-0.798745635	-0.310899766	-0.166579116
-1.283139914	-0.166579116	-2.190046890	0.736553411	1.437111386	-0.196568392
-1.304515616	-0.196568392	-2.118191320	-0.957209800	1.397880480	-0.155701122
-1.279605924	-0.155701122	-2.048297296	0.843818517	0.348596104	-0.193172831
-1.298995233	-0.193172831	-2.030867491	-0.019661659	-0.173570487	-0.192291968
-1.298558733	-0.192291968	-2.039546015	-0.206362645	-1.093552062	-0.183086813
-1.293897298	-0.183086813	-2.094223618	0.740338512	-0.045005844	-0.215147584
-1.312400263	-0.215147584	-2.096473911	0.719794637	0.716957388	-0.246278131
-1.330459882	-0.246278131	-2.060626041	0.085135451	0.410787200	-0.250034362
-1.332462590	-0.250034362	-2.040086681	-0.461847369	0.288435926	-0.229438522
-1.322018986	-0.229438522	-2.025664885	0.732610193	1.336888727	-0.262344397
-1.338112390	-0.262344397	-1.958820449	0.902239144	-1.361238025	-0.304102662
-1.355180957	-0.304102662	-2.026882350	0.892275945	-0.010576782	-0.344156181
-1.374830550	-0.344156181	-2.027411189	-0.863945227	-1.088116660	-0.305384471
-1.355784346	-0.305384471	-2.081817022	-0.407853770	-1.040655902	-0.287597035
-1.345810939	-0.287597035	-2.133849817	0.470389229	1.192853511	-0.307485778
-1.358364941	-0.307485778	-2.074207142	0.702846776	0.540446145	-0.338268437
-1.375318168	-0.338268437	-2.047184834	0.596992429	-1.255128335	-0.364794507
-1.389006392	-0.364794507	-2.109941251	0.045337028	-1.386421743	-0.366739801
-1.390170199	-0.366739801	-2.179262338	0.627292137	-0.484793829	-0.392475271
-1.408098505	-0.392475271	-2.203502030	0.657848157	0.706743208	-0.419000712
-1.427548736	-0.419000712	-2.168164869	-0.325412446	-0.906462629	-0.405547859
-1.418397020	-0.405547859	-2.213488001	-0.320319754	-0.127888605	-0.392727295
-1.408797802	-0.392727295	-2.219882431	0.057494594	-0.310371052	-0.395017410
-1.410535457	-0.395017410	-2.235400984	0.503844412	-1.486165245	-0.414847735
-1.426072708	-0.414847735	-2.309709246	-0.250701099	-0.984319841	-0.405581808
-1.417630540	-0.405581808	-2.358925238	-0.256036161	-0.531407456	-0.396554316
-1.408553609	-0.396554316	-2.385495611	-0.962976232	0.581919414	-0.363520033
-1.373524419	-0.363520033	-2.356399640	0.344675886	1.046264503	-0.375703665
-1.385713051	-0.375703665	-2.304086415	-0.127223679	0.426444128	-0.370977456
-1.381455398	-0.370977456	-2.282764208	0.330230241	-0.453103848	-0.383477953
-1.392242780	-0.383477953	-2.305419401	-0.362930218	0.596189738	-0.370011728
-1.380079037	-0.370011728	-2.275609914	-0.947372051	1.382052307	-0.333929531
-1.349389306	-0.333929531	-2.206507299	0.253085970	-1.146362747	-0.344111810
-1.356902793	-0.344111810	-2.263825436	0.877025617	-0.100976850	-0.377847229
-1.384918080	-0.377847229	-2.268874278	0.866408994	1.486748874	-0.411034115
-1.412762145	-0.411034115	-2.194536835	-0.431276745	0.121921295	-0.393530761
-1.400167238	-0.393530761	-2.188440770	-0.974849105	-1.077091658	-0.353793725
-1.371939682	-0.353793725	-2.242295353	-0.296706413	0.858052939	-0.342179302
-1.362709735	-0.342179302	-2.199392706	-0.359598272	0.168006768	-0.327636184
-1.352137366	-0.327636184	-2.190992367	-0.239755419	0.786056861	-0.317880961
-1.345170137	-0.317880961	-2.151689524	0.970146774	-0.166137657	-0.358431778
-1.371789550	-0.358431778	-2.159996407	-0.850745138	-1.255260812	-0.323066921
-1.348151760	-0.323066921	-2.222759448	-0.327548913	-0.652795372	-0.310048584
-1.338214776	-0.310048584	-2.255399216	0.833950041	0.014960964	-0.342350398
-1.364582835	-0.342350398	-2.254651168	0.158447803	-1.408426390	-0.348491383
-1.369588089	-0.348491383	-2.325072488	-0.466466229	0.888683747	-0.331494114
-1.353617187	-0.331494114	-2.280638300	0.076055337	1.381553857	-0.334378379
-1.356095503	-0.334378379	-2.211560608	0.075219322	-0.273478445	-0.337393317
-1.358343840	-0.337393317	-2.225234530	0.928178691	0.311408026	-0.374213703
-1.386593590	-0.374213703	-2.209664128	0.882531762	0.819978241	-0.409637265
-1.412905698	-0.409637265	-2.168665216	-0.778259535	-0.675025935	-0.377474248
-1.391002271	-0.377474248	-2.202416513	-0.574806399	-0.267769018	-0.354278743
-1.374032459	-0.354278743	-2.215804964	0.003342353	1.071922823	-0.354412285
-1.374132931	-0.354412285	-2.162208823	0.559212460	0.262807622	-0.377623908
-1.389721934	-0.377623908	-2.149068442	0.037964981	-0.631207774	-0.379213518
-1.390759475	-0.379213518	-2.180628831	0.380303145	0.401838159	-0.394801078
-1.401650029	-0.394801078	-2.160536923	0.552823366	1.156086688	-0.417773238
-1.417022539	-0.417773238	-2.102732588	-0.947107236	0.362905570	-0.376961127
-1.393003757	-0.376961127	-2.084587310	-0.603416251	1.145939534	-0.350685741
-1.378175337	-0.350685741	-2.027290333	0.856399074	1.090934278	-0.389121080
-1.397050536	-0.389121080	-1.972743619	-0.922387490	0.085513716	-0.346677377
-1.379008121	-0.346677377	-1.968467933	-0.272354343	-1.350483356	-0.334122315
-1.373734351	-0.334122315	-2.035992101	-0.503484880	-1.385240012	-0.311623243
-1.362441241	-0.311623243	-2.105254102	-0.537314530	1.367974517	-0.288504078
-1.348756525	-0.288504078	-2.036855376	0.613432468	-1.451200973	-0.315904455
-1.362539407	-0.315904455	-2.109415425	0.936291118	1.351032073	-0.356090905
-1.386552984	-0.356090905	-2.041863821	-0.908154750	-0.535578293	-0.315628782
-1.365945238	-0.315628782	-2.068642735	0.433041709	-1.471968289	-0.334652586
-1.376284855	-0.334652586	-2.142241150	-0.514314029	-0.607786077	-0.313022584
-1.362376572	-0.313022584	-2.172630454	0.667997839	0.068576763	-0.340554068
-1.381286098	-0.340554068	-2.169201616	-0.769029317	-1.133164815	-0.308784121
-1.359625403	-0.308784121	-2.225859856	-0.190917721	-1.070297611	-0.301214145
-1.353809958	-0.301214145	-2.279374737	0.888906352	-1.162893408	-0.334960930
-1.382732972	-0.334960930	-2.337519407	-0.544443067	-1.486770773	-0.315355863
-1.363846814	-0.315355863	-2.411857946	0.781578296	0.693978272	-0.341408678
-1.392974334	-0.341408678	-2.377159032	-0.591904365	-0.500813611	-0.320924989
-1.371613261	-0.320924989	-2.402199713	0.192579759	0.353383433	-0.327413382
-1.378727906	-0.327413382	-2.384530541	-0.868505046	-1.016074762	-0.297589397
-1.347163964	-0.297589397	-2.435334279	-0.653100951	1.119898304	-0.276396542
-1.322320151	-0.276396542	-2.379339364	0.159076928	-0.936726070	-0.281889094
-1.328073024	-0.281889094	-2.426175668	0.350856134	-1.258306348	-0.293395986
-1.341314681	-0.293395986	-2.489090985	-0.991775642	0.193841586	-0.263286865
-1.301913055	-0.263286865	-2.479398906	-0.287058808	-0.213696628	-0.254461982
-1.290593676	-0.254461982	-2.490083737	-0.451853979	0.018242195	-0.240762065
-1.272628646	-0.240762065	-2.489171627	-0.474080525	-1.552499242	-0.226371067
-1.253793040	-0.226371067	-2.566796590	0.850019340	-0.017301167	-0.249477297
-1.289464238	-0.249477297	-2.567661648	-0.557874935	1.209678688	-0.234332739
-1.266039817	-0.234332739	-2.507177713	-0.759330791	0.100508007	-0.211829728
-1.235460860	-0.211829728	-2.502152313	-0.659347570	1.462688220	-0.192156562
-1.209006851	-0.192156562	-2.429017902	0.890251738	-0.026190487	-0.221258188
-1.242688682	-0.221258188	-2.430327426	-0.665482339	0.662524885	-0.199537086
-1.217482322	-0.199537086	-2.397201182	0.513541297	-0.063236080	-0.216933923
-1.236367812	-0.216933923	-2.400362986	0.673016442	1.058967909	-0.239654806
-1.261189966	-0.239654806	-2.347414591	0.140650724	0.889335830	-0.244671028
-1.266118869	-0.244671028	-2.302947799	-0.048504963	0.872307390	-0.242867279
-1.264497660	-0.242867279	-2.259332430	0.791990581	1.433887941	-0.273445125
-1.289659497	-0.273445125	-2.187638033	-0.737396564	0.397142889	-0.243370057
-1.268331709	-0.243370057	-2.167780888	0.499175465	-0.971132635	-0.264011823
-1.282362313	-0.264011823	-2.216337520	-0.112486702	-0.653458412	-0.259519249
-1.278978539	-0.259519249	-2.249010441	-0.127957212	0.565318525	-0.254537271
-1.274964500	-0.254537271	-2.220744514	-0.494009473	1.169117883	-0.234872849
-1.260017128	-0.234872849	-2.162288620	0.072406602	1.295553526	-0.237878120
-1.262035826	-0.237878120	-2.097510944	-0.068170708	-0.398558121	-0.234931566
-1.260322369	-0.234931566	-2.117438850	0.386977837	0.807126903	-0.251460833
-1.270380347	-0.251460833	-2.077082505	0.816904894	-1.375072463	-0.287182103
-1.290187541	-0.287182103	-2.145836128	0.566913920	-1.043417244	-0.310968979
-1.305603863	-0.310968979	-2.198006990	0.665698442	-1.164085848	-0.337918705
-1.325138405	-0.337918705	-2.256211283	-0.015904291	1.066162076	-0.337303085
-1.324635039	-0.337303085	-2.202903179	0.157138708	-0.704878111	-0.343641938
-1.329277276	-0.343641938	-2.238147084	-0.275314349	0.107887287	-0.332829462
-1.320757574	-0.332829462	-2.232752720	0.876413853	-0.680744220	-0.367394840
-1.347692454	-0.367394840	-2.266789931	0.279615320	-1.452225295	-0.378123918
-1.356656198	-0.378123918	-2.339401196	0.514395664	-0.982053108	-0.396613385
-1.374534867	-0.396613385	-2.388503851	0.019258194	0.289140198	-0.397271915
-1.375237387	-0.397271915	-2.374046841	-0.521871164	-0.044560560	-0.379153298
-1.356460020	-0.379153298	-2.376274869	0.841239753	-0.431864833	-0.408292422
-1.386793537	-0.408292422	-2.397868111	-0.872920947	0.334623176	-0.378742578
-1.354672140	-0.378742578	-2.381136952	-0.651794633	0.412375692	-0.356280050
-1.331060163	-0.356280050	-2.360518168	-0.286364232	0.600269928	-0.346199415
-1.320891978	-0.346199415	-2.330504671	-0.889936260	-0.543879056	-0.313937584
-1.290246577	-0.313937584	-2.357698624	0.225632452	1.516834664	-0.321902888
-1.298235879	-0.321902888	-2.281856891	-0.090677245	-0.774943350	-0.318467715
-1.295276910	-0.318467715	-2.320604058	-0.925555299	0.203480934	-0.284600726
-1.263738703	-0.284600726	-2.310430012	-0.908581251	1.375348480	-0.251041572
-1.233118726	-0.251041572	-2.241662588	-0.092159809	1.161319239	-0.247432210
-1.230254101	-0.247432210	-2.183596626	0.854079382	0.570267794	-0.282365791
-1.254815736	-0.282365791	-2.155083236	-0.285513363	0.947644461	-0.270458375
-1.246941210	-0.270458375	-2.107701013	0.152516433	0.566315415	-0.277011213
-1.250841655	-0.277011213	-2.079385242	0.164854400	1.285105569	-0.284210673
-1.254855408	-0.284210673	-2.015129964	0.796733118	-0.137177767	-0.320179082
-1.271979446	-0.320179082	-2.021988852	-0.635663450	-0.540839154	-0.291576523
-1.258120742	-0.291576523	-2.049030810	-0.952421268	-1.548269438	-0.249298123
-1.236204936	-0.249298123	-2.126444282	0.607063652	-0.808806571	-0.275084937
-1.252216054	-0.275084937	-2.166884610	0.585137171	0.939335420	-0.299296100
-1.268641138	-0.299296100	-2.119917839	-0.589941021	-0.026049752	-0.274135606
-1.253245503	-0.274135606	-2.121220327	0.700093618	0.394829306	-0.303970194
-1.271554655	-0.303970194	-2.101478861	-0.570435668	1.485261768	-0.279371245
-1.257119149	-0.279371245	-2.027215773	0.073770433	1.051304495	-0.282682196
-1.258744817	-0.282682196	-1.974650548	0.631107385	0.172247899	-0.311699038
-1.271144986	-0.311699038	-1.966038153	-0.142943804	-0.652491311	-0.305102872
-1.268393093	-0.305102872	-1.998662719	0.605306549	1.535499073	-0.332639874
-1.280951100	-0.332639874	-1.921887765	0.016772446	-0.971382516	-0.333427339
-1.281239521	-0.333427339	-1.970456891	0.082321712	-0.789498209	-0.337219049
-1.282841113	-0.337219049	-2.009931801	-0.216908505	-0.921753901	-0.327402642
-1.278230104	-0.327402642	-2.056019496	0.571546778	-0.084280872	-0.352681324
-1.291558740	-0.352681324	-2.060233540	-0.054028150	0.685470580	-0.350297068
-1.290288729	-0.350297068	-2.025960011	-0.743990164	1.416238081	-0.316884876
-1.273935478	-0.316884876	-1.955148107	0.469679860	0.372712458	-0.338655516
-1.282740996	-0.338655516	-1.936512484	0.123259960	-0.855258919	-0.344410942
-1.284944996	-0.344410942	-1.979275430	0.770136732	0.044082539	-0.379749668
-1.300240451	-0.379749668	-1.977071303	-0.162717865	0.864894590	-0.372276042
-1.297025225	-0.372276042	-1.933826574	0.394427547	1.540245513	-0.390712080
-1.304028456	-0.390712080	-1.856814298	0.185821015	-1.079657983	-0.399625681
-1.306649780	-0.399625681	-1.910797197	-0.738419417	-1.035604093	-0.364818274
-1.294337082	-0.364818274	-1.962577402	-0.867960744	-0.391824144	-0.324708487
-1.277766186	-0.324708487	-1.982168609	0.452717748	-0.348391203	-0.345455929
-1.286817542	-0.345455929	-1.999588169	-0.927967979	-1.553033048	-0.303258036
-1.267526372	-0.303258036	-2.077239821	0.312322563	0.793749834	-0.316913952
-1.275101291	-0.316913952	-2.037552330	-0.864771941	-0.504944497	-0.278300469
-1.255644283	-0.278300469	-2.062799555	-0.005216186	-0.591172725	-0.278070595
-1.255521078	-0.278070595	-2.092358191	0.344037259	0.968840460	-0.292985333
-1.264091648	-0.292985333	-2.043916168	0.353810136	1.353156866	-0.308732556
-1.272152604	-0.308732556	-1.976258325	0.277835275	0.229060157	-0.321497979
-1.277632117	-0.321497979	-1.964805317	0.981354771	-1.399417190	-0.366806023
-1.296468893	-0.366806023	-2.034776176	-0.829878419	1.449061611	-0.329698899
-1.277899918	-0.329698899	-1.962323096	-0.189136812	0.582073978	-0.320957681
-1.274291187	-0.320957681	-1.933219397	-0.187918546	1.555061986	-0.312172109
-1.270959946	-0.312172109	-1.855466297	0.675784355	-0.797988757	-0.344601459
-1.280449334	-0.344601459	-1.895365735	-0.167046613	-0.408479266	-0.336685219
-1.277785770	-0.336685219	-1.915789699	0.583602254	-1.469923961	-0.364145972
-1.287654205	-0.364145972	-1.989285897	0.592952452	-1.463806184	-0.391235117
-1.299702431	-0.391235117	-2.062476206	-0.963069382	-0.165088107	-0.348785859
-1.276968820	-0.348785859	-2.070730611	0.675031881	0.929906076	-0.378406733
-1.293148250	-0.378406733	-2.024235307	0.873737939	-0.938355216	-0.417678891
-1.312285713	-0.417678891	-2.071153068	0.725361174	-0.767162685	-0.449500902
-1.329684900	-0.449500902	-2.109511202	-0.880637170	1.472401494	-0.411705333
-1.307095090	-0.411705333	-2.035891128	-0.868988941	-0.849671882	-0.372871128
-1.287607686	-0.372871128	-2.078374722	-0.933843200	-1.169231563	-0.332065723
-1.264912384	-0.332065723	-2.136836300	0.360069573	-1.481900822	-0.347261223
-1.274567539	-0.347261223	-2.210931341	0.703807457	-0.684170193	-0.375484434
-1.295586880	-0.375484434	-2.245139851	-0.156020099	0.481646480	-0.369390936
-1.290716052	-0.369390936	-2.221057527	0.843190263	-0.652350381	-0.402946776
-1.316239182	-0.402946776	-2.253675046	0.933601912	0.877806583	-0.439159298
-1.345695668	-0.439159298	-2.209784717	-0.827370605	-1.008791375	-0.405952801
-1.321024150	-0.405952801	-2.260224285	-0.619392554	-1.259214506	-0.382056326
-1.301324497	-0.382056326	-2.323185011	0.819800747	-1.418665566	-0.411981453
-1.329336457	-0.411981453	-2.394118289	0.820047364	-1.187388530	-0.439854396
-1.359407926	-0.439854396	-2.453487716	-0.292673377	-0.842664850	-0.430560927
-1.348104135	-0.430560927	-2.495620958	0.121449006	0.230306982	-0.434216388
-1.352953079	-0.434216388	-2.484105609	-0.394462379	0.859063932	-0.422163004
-1.337341629	-0.422163004	-2.441152412	-0.972270703	-0.731484046	-0.390828939
-1.300173738	-0.390828939	-2.477726615	0.864155093	1.062818725	-0.417452106
-1.334204856	-0.417452106	-2.424585678	-0.954233732	1.462747013	-0.386099251
-1.298240936	-0.386099251	-2.351448328	-0.204174770	0.047842931	-0.378846403
-1.291056610	-0.378846403	-2.349056181	0.463310319	0.167228917	-0.395343407
-1.307319758	-0.395343407	-2.340694735	0.966484843	0.107924714	-0.430039314
-1.340956442	-0.430039314	-2.335298500	0.282622144	-0.513256261	-0.440238116
-1.350737680	-0.440238116	-2.360961313	0.964667708	1.212752945	-0.474181305
-1.385006024	-0.474181305	-2.300323665	-0.786580747	0.377992718	-0.444861920
-1.358792538	-0.444861920	-2.281424030	0.742249341	0.279061969	-0.472991409
-1.383001359	-0.472991409	-2.267470931	0.531180192	0.778448220	-0.493361645
-1.400043498	-0.493361645	-2.228548520	-0.747497347	0.429581137	-0.463784356
-1.377194764	-0.463784356	-2.207069463	0.807134823	-0.522271108	-0.496243922
-1.401174820	-0.496243922	-2.233183019	-0.018223994	-0.862731817	-0.495525417
-1.400614432	-0.495525417	-2.276319610	0.528022663	-0.299105219	-0.515623869
-1.417733779	-0.515623869	-2.291274871	0.920216065	0.353097814	-0.550200533
-1.448089147	-0.550200533	-2.273619980	-0.292833057	-0.915890823	-0.539028657
-1.438625152	-0.539028657	-2.319414521	-0.846569270	0.267949816	-0.508017552
-1.409815254	-0.508017552	-2.306017030	-0.472480959	0.263005599	-0.490496004
-1.393969404	-0.490496004	-2.292866750	-0.926187045	1.245686218	-0.455743664
-1.363361709	-0.455743664	-2.230582439	-0.649458048	0.694102997	-0.430086065
-1.343457513	-0.430086065	-2.195877289	-0.762802315	-0.072914073	-0.399157645
-1.321139331	-0.399157645	-2.199522993	0.485393344	0.105403252	-0.418786394
-1.335412696	-0.418786394	-2.194252830	0.270208453	1.436974091	-0.429755037
-1.343300687	-0.429755037	-2.122404126	-0.513928650	0.404758387	-0.407869821
-1.329834285	-0.407869821	-2.102166207	0.492295829	1.107500272	-0.429090571
-1.342306964	-0.429090571	-2.046791193	0.341714392	1.472704509	-0.444276996
-1.350136033	-0.444276996	-1.973155968	-0.994268695	-1.319581361	-0.398533699
-1.330668718	-0.398533699	-2.039135036	0.135409918	-0.510806277	-0.404575144
-1.333724950	-0.404575144	-2.064675349	0.214000133	-1.179875857	-0.413996507
-1.338797234	-0.413996507	-2.123669142	0.163228706	1.156117387	-0.420942047
-1.343083083	-0.420942047	-2.065863273	-0.738600934	-0.428185441	-0.388445936
-1.325537967	-0.388445936	-2.087272545	-0.821886943	-0.996711428	-0.352711743
-1.305244795	-0.352711743	-2.137108116	0.225403836	1.340208499	-0.362222494
-1.311291515	-0.362222494	-2.070097691	0.476415082	-1.554313312	-0.383135146
-1.322697186	-0.383135146	-2.147813357	-0.093067046	0.166269859	-0.379235201
-1.320158659	-0.379235201	-2.139499864	-0.278703335	-1.492031800	-0.367493431
-1.312654013	-0.367493431	-2.214101454	0.344232915	0.557202165	-0.381264771
-1.322978302	-0.381264771	-2.186241346	-0.243049996	-0.205955466	-0.371342053
-1.315962397	-0.371342053	-2.196539119	0.065897915	-1.407660056	-0.374012660
-1.317892216	-0.374012660	-2.266922122	-0.537172983	-0.232251009	-0.353403151
-1.300669115	-0.353403151	-2.278534672	-0.714434160	1.533488626	-0.326260578
-1.277445827	-0.326260578	-2.201860241	0.696181402	1.344823141	-0.354365429
-1.297983321	-0.354365429	-2.134619084	0.744936033	-0.331110029	-0.385847109
-1.317888800	-0.385847109	-2.151174585	-0.245970409	-1.489933743	-0.375562406
-1.311145025	-0.375562406	-2.225671273	0.549488830	-0.464344089	-0.397353048
-1.327878611	-0.397353048	-2.248888477	-0.603871788	0.594942535	-0.373839158
-1.308937919	-0.373839158	-2.219141350	-0.575913565	-1.220540759	-0.350886575
-1.291549128	-0.350886575	-2.280168388	0.884939130	1.115781024	-0.384459884
-1.320369712	-0.384459884	-2.224379337	0.725557285	-1.175350028	-0.413261255
-1.342427919	-0.413261255	-2.283146838	-0.541017725	1.081935567	-0.392788396
-1.324747068	-0.392788396	-2.229050060	0.613650670	-0.702228379	-0.417060173
-1.343516690	-0.417060173	-2.264161479	-0.377524488	-0.375094291	-0.402542476
-1.331452348	-0.402542476	-2.282916194	-0.163046737	-1.363662967	-0.396371334
-1.326125286	-0.396371334	-2.351099342	0.894298759	0.911868873	-0.428150258
-1.357582013	-0.428150258	-2.305505898	0.304285397	1.493137345	-0.439439634
-1.367781228	-0.439439634	-2.230849031	-0.738510603	0.049750344	-0.410269945
-1.345140026	-0.410269945	-2.228361514	0.063644462	-1.156517131	-0.412788620
-1.347084974	-0.412788620	-2.286187370	0.288265360	-0.291202405	-0.423668285
-1.356538818	-0.423668285	-2.300747491	0.383442849	0.613454301	-0.437955499
-1.369323440	-0.437955499	-2.270074776	-0.396479883	1.043257764	-0.422784061
-1.356563416	-0.422784061	-2.217911887	0.540916276	1.529541900	-0.444361917
-1.372869003	-0.444361917	-2.141434792	0.224349782	-0.422110794	-0.453802066
-1.378928348	-0.453802066	-2.162540332	-0.698521006	1.494456746	-0.424814522
-1.359446271	-0.424814522	-2.087817495	0.412527275	0.837503530	-0.442744927
-1.369641735	-0.442744927	-2.045942318	-0.645275912	-0.815185697	-0.414055122
-1.354882072	-0.414055122	-2.086701603	0.808976653	0.734499276	-0.449239397
-1.374836392	-0.449239397	-2.049976639	0.749348615	-0.729682784	-0.482486989
-1.392110824	-0.482486989	-2.086460779	0.703649451	1.031505365	-0.513094518
-1.409459759	-0.513094518	-2.034885510	0.759099084	-1.401932092	-0.547034962
-1.426448719	-0.547034962	-2.104982115	-0.497939175	1.111400722	-0.525606562
-1.413772671	-0.525606562	-2.049412079	0.905884673	-1.157399814	-0.565811231
-1.434632972	-0.565811231	-2.107282069	-0.398242315	-1.407718530	-0.548696565
-1.424455519	-0.548696565	-2.177667996	0.092883226	-0.198878021	-0.552511447
-1.427104086	-0.552511447	-2.187611897	-0.606457989	-0.927911957	-0.527776312
-1.409564094	-0.527776312	-2.234007495	-0.819700163	-1.556593390	-0.495479333
-1.384331654	-0.495479333	-2.311837164	-0.625748056	0.475480292	-0.472396541
-1.363210899	-0.472396541	-2.288063150	0.191448216	1.389488775	-0.479610359
-1.369503107	-0.479610359	-2.218588711	0.280405725	-0.159671320	-0.490790385
-1.377963333	-0.490790385	-2.226572277	-0.246353800	-1.543181480	-0.481027692
-1.370452321	-0.481027692	-2.303731351	-0.566628065	-0.178466585	-0.459971399
-1.351497086	-0.459971399	-2.312654680	-0.321263518	-1.130531531	-0.448129397
-1.340643856	-0.448129397	-2.369181257	-0.823177707	-1.559074677	-0.419406077
-1.311164630	-0.419406077	-2.447134991	0.595330707	-0.648226750	-0.438455731
-1.334037263	-0.438455731	-2.479546328	0.422704713	-0.177508652	-0.451448240
-1.350707383	-0.451448240	-2.488421761	-0.407821933	-0.747503557	-0.439056414
-1.334513573	-0.439056414	-2.525796939	-0.449516180	-1.339256820	-0.426074202
-1.316166253	-0.426074202	-2.592759780	0.584384499	-0.626984010	-0.441317634
-1.341094167	-0.441317634	-2.624108980	-0.899326847	-0.514933581	-0.419073016
-1.302015414	-0.419073016	-2.649855659	0.724728169	-1.093710224	-0.436182318
-1.333958317	-0.436182318	-2.704541170	-0.380908458	0.096984575	-0.428120963
-1.316703095	-0.428120963	-2.699691942	0.078645680	0.925192244	-0.429802637
-1.320257646	-0.429802637	-2.653432330	-0.878464630	1.076569528	-0.409202559
-1.281464772	-0.409202559	-2.599603853	0.862078660	0.814486808	-0.431437325
-1.318391242	-0.431437325	-2.558879513	-0.763288806	-1.175068032	-0.410435764
-1.286524976	-0.410435764	-2.617632914	-0.399996798	-0.387396188	-0.400429592
-1.269208218	-0.400429592	-2.637002724	0.312435093	1.089139078	-0.407981906
-1.282883077	-0.407981906	-2.582545770	0.557017127	0.624643103	-0.422753400
-1.306493947	-0.422753400	-2.551313615	-0.042542200	-0.338721218	-0.421569465
-1.304726775	-0.421569465	-2.568249676	0.098375209	0.298539445	-0.424237615
-1.308858987	-0.424237615	-2.553322703	-0.880758177	1.316988188	-0.399799983
-1.272223764	-0.399799983	-2.487473294	-0.034838282	-1.339627094	-0.398740097
-1.270841409	-0.398740097	-2.554454649	-0.314389546	0.127912505	-0.390031812
-1.257754479	-0.390031812	-2.548059023	0.210176092	0.869544234	-0.395909321
-1.266465958	-0.395909321	-2.504581812	0.322964210	0.489188381	-0.405514199
-1.279447138	-0.405514199	-2.480122393	0.155640102	-0.667758620	-0.410294511
-1.285587840	-0.410294511	-2.513510324	0.554639603	0.067997001	-0.426589660
-1.308027332	-0.426589660	-2.510110474	-0.058791363	-1.182486924	-0.424854310
-1.305654650	-0.424854310	-2.569234820	0.683705409	-1.082744777	-0.443369586
-1.334391686	-0.443369586	-2.623372059	0.533279159	-1.419944722	-0.456577182
-1.357554719	-0.456577182	-2.694369295	0.527180329	-0.469642478	-0.467976498
-1.381321362	-0.467976498	-2.717851419	-0.080237787	-1.418317323	-0.466326915
-1.377664296	-0.466326915	-2.788767285	-0.413392344	0.770778409	-0.459184518
-1.358267924	-0.459184518	-2.750228364	0.852057233	0.793727139	-0.475435375
-1.397649563	-0.475435375	-2.710542007	-0.709573464	-0.480715759	-0.460611478
-1.365416221	-0.460611478	-2.734577795	0.787500889	-1.125413418	-0.476198870
-1.401574586	-0.476198870	-2.790848466	0.702376663	-0.070577409	-0.488265588
-1.434555289	-0.488265588	-2.794377337	0.852000423	0.130091593	-0.502761550
-1.474613108	-0.502761550	-2.787872757	0.056201329	1.074662124	-0.503734928
-1.477249205	-0.503734928	-2.734139651	-0.640708526	-0.703185368	-0.491040182
-1.447836420	-0.491040182	-2.769298919	-0.687382939	0.892553917	-0.478538302
-1.415821716	-0.478538302	-2.724671223	0.227172489	0.411715560	-0.483137949
-1.426207360	-0.483137949	-2.704085445	0.462605891	-1.198964225	-0.492937856
-1.447159026	-0.492937856	-2.764033657	0.947952755	-1.179770826	-0.510411114
-1.491218320	-0.510411114	-2.823022198	0.803425954	-1.321960425	-0.522993136
-1.529368364	-0.522993136	-2.889120219	0.748218808	0.329427999	-0.532338343
-1.565593294	-0.532338343	-2.872648819	0.695100525	0.676001840	-0.541573219
-1.599098949	-0.541573219	-2.838848727	0.919768951	-0.962512551	-0.555284236
-1.642995935	-0.555284236	-2.886974355	-0.849711989	-1.306486824	-0.544583132
-1.601880092	-0.544583132	-2.952298696	0.922118944	1.461598769	-0.553258681
-1.647162464	-0.553258681	-2.879218757	0.864563885	0.587185156	-0.564470948
-1.688911258	-0.564470948	-2.849859500	-0.723413506	0.464169512	-0.554067807
-1.654268908	-0.554067807	-2.826651024	-0.185014986	0.639322944	-0.551202285
-1.645473162	-0.551202285	-2.794684877	-0.550582227	1.556972778	-0.541842624
-1.619584000	-0.541842624	-2.716836238	-0.797229640	0.999379362	-0.525415753
-1.583264644	-0.525415753	-2.666867270	0.371682236	-0.329333513	-0.533910443
-1.599793693	-0.533910443	-2.683333946	0.782803535	-0.369882108	-0.551225554
-1.634895550	-0.551225554	-2.701828051	-0.108027409	1.169882222	-0.548926047
-1.630008109	-0.548926047	-2.643333940	0.770058748	-0.918011338	-0.567326474
-1.663829707	-0.567326474	-2.689234507	0.591685246	0.601394978	-0.580257391
-1.690438352	-0.580257391	-2.659164758	0.240352539	-0.299339232	-0.585832745
-1.701084421	-0.585832745	-2.674131719	-0.707877909	-1.424719498	-0.569883510
-1.669487748	-0.569883510	-2.745367694	-0.508634167	-1.027366495	-0.560068433
-1.646026374	-0.560068433	-2.796736019	-0.479722800	1.434682058	-0.551959637
-1.623452444	-0.551959637	-2.725001916	0.217849065	0.341047522	-0.556367215
-1.633413307	-0.556367215	-2.707949540	-0.498841228	0.895357999	-0.545887072
-1.610779857	-0.545887072	-2.663181640	-0.977429958	-1.182892921	-0.523388141
-1.567395282	-0.523388141	-2.722326286	0.287193876	1.261323588	-0.529233836
-1.580511251	-0.529233836	-2.659260107	-0.229466101	0.839797639	-0.523911979
-1.570346874	-0.523911979	-2.617270225	0.776259183	-1.332143593	-0.543342778
-1.603945830	-0.543342778	-2.683877405	-0.294769840	1.457686588	-0.536829843
-1.590724453	-0.536829843	-2.610993075	0.121469784	1.098160348	-0.539903335
-1.595962860	-0.539903335	-2.556085058	0.703562126	0.703326881	-0.559343548
-1.625281408	-0.559343548	-2.520918714	0.891868310	0.617908047	-0.585278345
-1.661557558	-0.585278345	-2.490023311	-0.865577624	-0.659554431	-0.559032517
-1.627145089	-0.559032517	-2.523001033	-0.605629458	-1.076370361	-0.541472644
-1.602474895	-0.541472644	-2.576819551	-0.407774393	-0.761905964	-0.530560108
-1.585252338	-0.530560108	-2.614914849	-0.567303527	0.081762916	-0.516301951
-1.560731160	-0.516301951	-2.610826703	-0.358220222	-0.676443240	-0.507235504
-1.545284353	-0.507235504	-2.644648865	-0.847019930	1.209796088	-0.487045038
-1.508055977	-0.487045038	-2.584159061	-0.724807979	0.522295504	-0.467873503
-1.477301810	-0.467873503	-2.558044286	-0.997459675	1.225295266	-0.440394059
-1.435682167	-0.440394059	-2.496779522	-0.003344757	1.374059267	-0.440293541
-1.435548508	-0.440293541	-2.428076559	-0.966085716	0.619747418	-0.408678569
-1.399027315	-0.408678569	-2.397089188	0.556639039	0.479056613	-0.427537687
-1.419495613	-0.427537687	-2.373136358	0.103167780	0.054657244	-0.431122903
-1.423204414	-0.431122903	-2.370403495	-0.190074472	0.127596364	-0.424498917
-1.416389462	-0.424498917	-2.364023677	-0.452696560	-1.083131768	-0.408619474
-1.400259405	-0.408619474	-2.418180266	0.764925009	-0.980269637	-0.433936437
-1.428926931	-0.433936437	-2.467193747	-0.128392576	-0.430229553	-0.429927842
-1.423912672	-0.429927842	-2.488705225	0.762047695	0.946381388	-0.453074374
-1.454178655	-0.453074374	-2.441386156	-0.988092097	0.281319347	-0.421239252
-1.416398502	-0.421239252	-2.427320188	-0.186437118	-1.473583163	-0.415132803
-1.409355187	-0.415132803	-2.500999347	-0.135234342	-0.272652184	-0.411091519
-1.403934040	-0.411091519	-2.514631956	0.770900979	-0.858441197	-0.433705368
-1.435148374	-0.433705368	-2.557554016	0.949359935	0.030940610	-0.459879109
-1.474748197	-0.459879109	-2.556006985	0.643042734	-0.931057521	-0.477649195
-1.501543419	-0.477649195	-2.602559861	-0.616138166	1.224657413	-0.461835819
-1.475104759	-0.461835819	-2.541326990	0.465007716	0.792501500	-0.474969071
-1.494290643	-0.474969071	-2.501701915	-0.192197467	0.696751995	-0.469230941
-1.486581977	-0.469230941	-2.466864316	-0.166327070	1.528669398	-0.464035838
-1.480087930	-0.464035838	-2.390430846	0.078105832	-0.239680272	-0.466701154
-1.482942294	-0.466701154	-2.402414859	-0.858043556	1.086054067	-0.437798793
-1.451236610	-0.437798793	-2.348112156	0.314941076	-0.416875301	-0.449023273
-1.462281101	-0.449023273	-2.368955921	0.399422214	-0.711328981	-0.462963622
-1.476581867	-0.462963622	-2.404522370	-0.710100976	-0.613396570	-0.439099915
-1.450292478	-0.439099915	-2.435192199	-0.776168186	1.518035389	-0.413909384
-1.420770794	-0.413909384	-2.359290429	0.621631420	-0.101268293	-0.435819226
-1.442816721	-0.435819226	-2.364353844	-0.239179350	0.604617369	-0.427432238
-1.434291739	-0.427432238	-2.334122975	-0.790446537	-1.481596267	-0.398875768
-1.406968812	-0.398875768	-2.408202789	-0.601742246	-0.742978086	-0.378735700
-1.384616809	-0.378735700	-2.445351693	0.974766991	-0.921612094	-0.409993459
-1.422011718	-0.409993459	-2.491432298	-0.892955174	-1.300169457	-0.382967543
-1.386472694	-0.382967543	-2.556440770	-0.283832481	1.051169703	-0.375129140
-1.374642156	-0.375129140	-2.503882285	-0.941937373	-1.153553785	-0.347089672
-1.336801659	-0.347089672	-2.561559975	-0.627284999	1.415325617	-0.329900455
-1.310567197	-0.329900455	-2.490793694	0.993775484	1.415401729	-0.360003020
-1.350099587	-0.360003020	-2.420023607	0.918823080	-0.858428127	-0.390350069
-1.384590836	-0.390350069	-2.462945014	-0.479050386	-0.365456574	-0.375314093
-1.365945659	-0.375314093	-2.481217842	0.751244369	1.442312349	-0.398355243
-1.395610886	-0.398355243	-2.409102225	0.261340040	-0.695478375	-0.407093452
-1.405326350	-0.407093452	-2.443876144	-0.813967372	-0.935311462	-0.380945992
-1.374138732	-0.380945992	-2.490641717	0.487153431	0.570804541	-0.395705356
-1.393515453	-0.395705356	-2.462101490	0.058860643	1.060119107	-0.397554749
-1.395804816	-0.397554749	-2.409095534	-0.067405352	-0.558029294	-0.395300956
-1.393298999	-0.395300956	-2.436996999	0.174510731	0.438387436	-0.400952711
-1.399946754	-0.400952711	-2.415077627	-0.965025421	-1.455381713	-0.368900903
-1.363879223	-0.368900903	-2.487846713	-0.889725088	-1.369785967	-0.341845954
-1.328565535	-0.341845954	-2.556336011	-0.857253235	1.460134772	-0.318168049
-1.292836492	-0.318168049	-2.483329273	-0.833687497	-0.140540402	-0.292667882
-1.259861826	-0.292667882	-2.490356293	0.912391096	0.027130515	-0.320321096
-1.296144653	-0.320321096	-2.488999767	-0.579383156	1.565936229	-0.302729618
-1.273128311	-0.302729618	-2.410702956	0.939821211	0.543961021	-0.334097671
-1.308116952	-0.334097671	-2.383504904	-0.846988803	-0.905741658	-0.304980986
-1.277364818	-0.304980986	-2.428791987	-0.908484503	0.017939898	-0.275275581
-1.242999877	-0.275275581	-2.427894992	0.900319031	0.243665466	-0.304744530
-1.277029526	-0.304744530	-2.415711719	-0.121107376	0.320455301	-0.300725009
-1.272500625	-0.300725009	-2.399688954	-0.570907119	0.542134813	-0.281437126
